Table 1: Demographic and Clinical Characteristics
	Total	White	South Asian	Black	Mixed	Other	.u

1	 1.74e+07 (100.0)	 1.10e+07 (100.0)	  1030812 (100.0)	  343,477 (100.0)	  171,624 (100.0)	  323,963 (100.0)	  4586328 (100.0)

Age (years)
Mean (SD)	49.7 (18.7)	51.3 (18.3)	42.9 (15.4)	43.8 (15.5)	40.0 (14.9)	40.2 (15.0)	  . (  .)
Median (IQR)	49.0 (34.0-64.0)	51.0 (36.0-65.0)	40.0 (32.0-52.0)	43.0 (32.0-54.0)	38.0 (28.0-49.0)	38.0 (28.0-49.0)	  . (  .-  .)
18.0, 105.0

Grouped age
1	  2989012 (17.1)	  1527770 (13.9)	  199,404 (19.3)	   68,902 (20.1)	   48,221 (28.1)	   90,321 (27.9)	  1054394 (23.0)
2	  3002427 (17.2)	  1844472 (16.8)	  289,252 (28.1)	   75,292 (21.9)	   45,605 (26.6)	   86,556 (26.7)	  661,250 (14.4)
3	  2875864 (16.5)	  1811308 (16.5)	  242,919 (23.6)	   82,281 (24.0)	   35,109 (20.5)	   68,753 (21.2)	  635,494 (13.9)
4	  3069655 (17.6)	  2028520 (18.5)	  136,835 (13.3)	   67,006 (19.5)	   24,319 (14.2)	   39,888 (12.3)	  773,087 (16.9)
5	  2406392 (13.8)	  1650088 (15.0)	   93,466 (9.1)	   28,092 (8.2)	   10,902 (6.4)	   22,533 (7.0)	  601,311 (13.1)
6	  1949322 (11.2)	  1380304 (12.6)	   44,498 (4.3)	   12,569 (3.7)	    4,956 (2.9)	   10,886 (3.4)	  496,109 (10.8)

Male
0	  8731826 (50.1)	  5714040 (52.1)	  493,687 (47.9)	  171,347 (49.9)	   88,345 (51.5)	  159,680 (49.3)	  2104727 (45.9)
1	  8697896 (49.9)	  5259478 (47.9)	  537,125 (52.1)	  172,130 (50.1)	   83,279 (48.5)	  164,283 (50.7)	  2481601 (54.1)

Index of Multiple Deprivation (IMD)
1	  3547369 (20.4)	  2328007 (21.2)	   88,056 (8.5)	   22,877 (6.7)	   22,435 (13.1)	   43,468 (13.4)	  1042526 (22.7)
2	  3585007 (20.6)	  2352524 (21.4)	  121,908 (11.8)	   36,013 (10.5)	   28,196 (16.4)	   56,786 (17.5)	  989,580 (21.6)
3	  3547872 (20.4)	  2250989 (20.5)	  197,174 (19.1)	   58,035 (16.9)	   33,291 (19.4)	   63,485 (19.6)	  944,898 (20.6)
4	  3468895 (19.9)	  2108517 (19.2)	  298,537 (29.0)	   92,817 (27.0)	   40,621 (23.7)	   78,893 (24.4)	  849,510 (18.5)
5	  3138024 (18.0)	  1836683 (16.7)	  316,785 (30.7)	  130,366 (38.0)	   45,258 (26.4)	   77,785 (24.0)	  731,147 (15.9)
.	        0 (0.0)	        0 (0.0)	        0 (0.0)	        0 (0.0)	        0 (0.0)	        0 (0.0)	        0 (0.0)

Number of people in household
0	  7955257 (45.6)	  5445680 (49.6)	  236,739 (23.0)	  129,826 (37.8)	   68,845 (40.1)	  130,598 (40.3)	  1943569 (42.4)
1	  6044642 (34.7)	  3658461 (33.3)	  444,021 (43.1)	  135,799 (39.5)	   68,355 (39.8)	  117,221 (36.2)	  1620785 (35.3)
2	  835,669 (4.8)	  370,096 (3.4)	  189,136 (18.3)	   41,622 (12.1)	   14,658 (8.5)	   32,091 (9.9)	  188,066 (4.1)
3	  2594154 (14.9)	  1499281 (13.7)	  160,916 (15.6)	   36,230 (10.5)	   19,766 (11.5)	   44,053 (13.6)	  833,908 (18.2)
.	        0 (0.0)	        0 (0.0)	        0 (0.0)	        0 (0.0)	        0 (0.0)	        0 (0.0)	        0 (0.0)

Body Mass Index (BMI, kg/m2)
Mean (SD)	27.4 (5.7)	27.4 (5.7)	26.6 (5.1)	28.0 (5.7)	26.8 (5.7)	25.2 (5.1)	  . (  .)
Median (IQR)	26.6 (23.4-30.5)	26.6 (23.4-30.5)	26.0 (23.0-29.4)	27.3 (24.0-31.2)	25.9 (22.7-29.8)	24.4 (21.5-28.0)	  . (  .-  .)
15.0, 50.0

Obesity with SA categories
1	 1.35e+07 (77.4)	  8356825 (76.2)	  713,489 (69.2)	  255,528 (74.4)	  138,448 (80.7)	  284,241 (87.7)	  3746979 (81.7)
2	  2536515 (14.6)	  1653220 (15.1)	  262,383 (25.5)	   55,729 (16.2)	   21,028 (12.3)	   27,574 (8.5)	  516,581 (11.3)
3	  930,012 (5.3)	  640,184 (5.8)	   39,654 (3.8)	   21,771 (6.3)	    8,002 (4.7)	    8,560 (2.6)	  211,841 (4.6)
4	  467,685 (2.7)	  323,289 (2.9)	   15,286 (1.5)	   10,449 (3.0)	    4,146 (2.4)	    3,588 (1.1)	  110,927 (2.4)
.	        0 (0.0)	        0 (0.0)	        0 (0.0)	        0 (0.0)	        0 (0.0)	        0 (0.0)	        0 (0.0)

Smoking status
1	  8002346 (45.9)	  4721335 (43.0)	  718,534 (69.7)	  222,057 (64.6)	   90,163 (52.5)	  193,927 (59.9)	  2056330 (44.8)
2	  5739189 (32.9)	  4079856 (37.2)	  160,090 (15.5)	   63,767 (18.6)	   40,138 (23.4)	   59,370 (18.3)	  1335968 (29.1)
3	  2962781 (17.0)	  1966148 (17.9)	  115,584 (11.2)	   44,824 (13.1)	   34,391 (20.0)	   53,922 (16.6)	  747,912 (16.3)
.	        0 (0.0)	        0 (0.0)	        0 (0.0)	        0 (0.0)	        0 (0.0)	        0 (0.0)	        0 (0.0)

Diabetes Type
0	 1.57e+07 (90.1)	  9931574 (90.5)	  839,326 (81.4)	  294,477 (85.7)	  156,959 (91.5)	  298,149 (92.0)	  4185200 (91.3)
1	   89,151 (0.5)	   60,579 (0.6)	    2,522 (0.2)	    1,371 (0.4)	      641 (0.4)	      648 (0.2)	   23,390 (0.5)
2	  1249776 (7.2)	  758,475 (6.9)	  136,182 (13.2)	   31,824 (9.3)	    9,672 (5.6)	   15,657 (4.8)	  297,966 (6.5)
3	  385,110 (2.2)	  222,890 (2.0)	   52,782 (5.1)	   15,805 (4.6)	    4,352 (2.5)	    9,509 (2.9)	   79,772 (1.7)
.	        0 (0.0)	        0 (0.0)	        0 (0.0)	        0 (0.0)	        0 (0.0)	        0 (0.0)	        0 (0.0)

Diabetes type (Exeter definition)
0	 1.61e+07 (92.4)	 1.02e+07 (92.6)	  893,878 (86.7)	  310,725 (90.5)	  161,464 (94.1)	  307,954 (95.1)	  4269180 (93.1)
1	   77,719 (0.4)	   52,873 (0.5)	    2,204 (0.2)	    1,065 (0.3)	      554 (0.3)	      533 (0.2)	   20,490 (0.4)
2	  1247854 (7.2)	  759,697 (6.9)	  134,730 (13.1)	   31,687 (9.2)	    9,606 (5.6)	   15,476 (4.8)	  296,658 (6.5)
.	        0 (0.0)	        0 (0.0)	        0 (0.0)	        0 (0.0)	        0 (0.0)	        0 (0.0)	        0 (0.0)

Diabetes and HbA1c combined
1	 1.57e+07 (90.1)	  9931574 (90.5)	  839,326 (81.4)	  294,477 (85.7)	  156,959 (91.5)	  298,149 (92.0)	  4185200 (91.3)
2	   23,342 (0.1)	   15,800 (0.1)	      703 (0.1)	      397 (0.1)	      158 (0.1)	      177 (0.1)	    6,107 (0.1)
3	   64,450 (0.4)	   43,993 (0.4)	    1,759 (0.2)	      930 (0.3)	      463 (0.3)	      457 (0.1)	   16,848 (0.4)
4	  785,405 (4.5)	  480,841 (4.4)	   80,080 (7.8)	   19,866 (5.8)	    5,943 (3.5)	    9,867 (3.0)	  188,808 (4.1)
5	  457,482 (2.6)	  274,124 (2.5)	   55,110 (5.3)	   11,505 (3.3)	    3,626 (2.1)	    5,617 (1.7)	  107,500 (2.3)
6	    8,248 (0.0)	    4,296 (0.0)	    1,052 (0.1)	      497 (0.1)	      123 (0.1)	      187 (0.1)	    2,093 (0.0)
.	        0 (0.0)	        0 (0.0)	        0 (0.0)	        0 (0.0)	        0 (0.0)	        0 (0.0)	        0 (0.0)



HbA1c %
Mean (SD)	5.8 (1.0)	5.8 (0.9)	6.0 (1.2)	5.9 (1.2)	5.8 (1.0)	5.8 (0.9)	  . (  .)
Median (IQR)	5.6 (5.4-5.9)	5.6 (5.4-5.9)	5.7 (5.4-6.2)	5.7 (5.4-6.1)	5.5 (5.3-5.9)	5.6 (5.3-5.9)	  . (  .-  .)
0.1, 19.8

Diagnosed hypertension
1	  3740944 (21.5)	  2464311 (22.5)	  173,170 (16.8)	   69,738 (20.3)	   20,760 (12.1)	   31,858 (9.8)	  981,107 (21.4)

High blood pressure or hypertension diagnosis
1	  5985999 (34.3)	  3947769 (36.0)	  258,853 (25.1)	  105,341 (30.7)	   36,641 (21.3)	   55,925 (17.3)	  1581470 (34.5)

Chronic Cardiac Diseases
1	  1205975 (6.9)	  813,663 (7.4)	   53,668 (5.2)	   11,085 (3.2)	    4,745 (2.8)	    8,172 (2.5)	  314,642 (6.9)

Stroke
1	  380,830 (2.2)	  258,729 (2.4)	   12,412 (1.2)	    4,425 (1.3)	    1,514 (0.9)	    2,208 (0.7)	  101,542 (2.2)

end stage renal failure
1	   25,182 (0.1)	   14,528 (0.1)	    2,379 (0.2)	      872 (0.3)	      221 (0.1)	      352 (0.1)	    6,830 (0.1)

Cancer
1	  981,073 (5.6)	  686,075 (6.3)	   19,716 (1.9)	    9,159 (2.7)	    3,711 (2.2)	    6,626 (2.0)	  255,786 (5.6)

Permanent immunosuppression
1	   89,065 (0.5)	   51,447 (0.5)	    4,456 (0.4)	   10,050 (2.9)	    2,109 (1.2)	    1,389 (0.4)	   19,614 (0.4)

Temporary immunosuppression
1	    4,831 (0.0)	    3,274 (0.0)	      173 (0.0)	      125 (0.0)	       36 (0.0)	       44 (0.0)	    1,179 (0.0)

Autoimmune disease
1	  894,734 (5.1)	  618,745 (5.6)	   37,311 (3.6)	    6,907 (2.0)	    5,000 (2.9)	    7,521 (2.3)	  219,250 (4.8)

Immunosuppressed (combination algorithm)
1	   93,002 (0.5)	   54,127 (0.5)	    4,603 (0.4)	   10,142 (3.0)	    2,134 (1.2)	    1,430 (0.4)	   20,566 (0.4)

Chronic liver disease
1	  104,634 (0.6)	   69,885 (0.6)	    5,630 (0.5)	    3,040 (0.9)	      898 (0.5)	    2,442 (0.8)	   22,739 (0.5)

Dementia
1	   44,209 (0.3)	   30,076 (0.3)	    1,238 (0.1)	      591 (0.2)	      121 (0.1)	      230 (0.1)	   11,953 (0.3)

Neurological disease
1	  175,316 (1.0)	  120,549 (1.1)	    5,838 (0.6)	    1,987 (0.6)	      917 (0.5)	    1,186 (0.4)	   44,839 (1.0)

Chronic Respiratory Diseases
1	  724,683 (4.2)	  532,449 (4.9)	   17,429 (1.7)	    5,010 (1.5)	    2,276 (1.3)	    3,545 (1.1)	  163,974 (3.6)

Asthma category
1	 1.74e+07 (100.0)	 1.10e+07 (100.0)	  1030812 (100.0)	  343,477 (100.0)	  171,624 (100.0)	  323,963 (100.0)	  4586328 (100.0)

BP med in last 6 months
1	 1.74e+07 (100.0)	 1.10e+07 (100.0)	  1030812 (100.0)	  343,477 (100.0)	  171,624 (100.0)	  323,963 (100.0)	  4586328 (100.0)

Statin in last 6 months
1	  2747358 (15.8)	  1841383 (16.8)	  158,198 (15.3)	   31,025 (9.0)	   11,646 (6.8)	   22,009 (6.8)	  683,097 (14.9)

Insulin in last 6 months
1	  251,942 (1.4)	  162,521 (1.5)	   18,210 (1.8)	    5,450 (1.6)	    1,802 (1.0)	    2,202 (0.7)	   61,757 (1.3)

