Table 1: Demographic and Clinical Characteristics
	Total	British	Irish	Other White	Indian	Pakistani	Bangladeshi	Caribbean	African	Chinese	All mixed	All Other

1	 1.74e+07 (100.0)	  9544149 (100.0)	   79,028 (100.0)	  1349755 (100.0)	  434,520 (100.0)	  302,849 (100.0)	   70,070 (100.0)	   83,139 (100.0)	  192,060 (100.0)	  105,346 (100.0)	  171,866 (100.0)	  510,612 (100.0)	  4586328 (100.0)

Age (years)
Mean (SD)	49.7 (18.7)	52.4 (18.3)	53.8 (18.7)	42.9 (15.8)	44.8 (15.9)	41.4 (15.2)	39.9 (14.0)	50.8 (17.8)	41.2 (13.7)	37.7 (15.2)	40.0 (14.9)	41.9 (14.8)	  . (  .)
Median (IQR)	49.0 (34.0-64.0)	53.0 (38.0-67.0)	53.0 (38.0-70.0)	39.0 (31.0-52.0)	42.0 (33.0-55.0)	39.0 (30.0-50.0)	38.0 (30.0-47.0)	51.0 (37.0-62.0)	41.0 (31.0-50.0)	33.0 (25.0-47.0)	38.0 (28.0-49.0)	40.0 (31.0-51.0)	  . (  .-  .)
18.0, 105.0

Grouped age
1	  2989012 (17.1)	  1250936 (13.1)	    8,455 (10.7)	  268,198 (19.9)	   68,078 (15.7)	   68,909 (22.8)	   16,635 (23.7)	   11,484 (13.8)	   41,824 (21.8)	   42,005 (39.9)	   48,306 (28.1)	  109,788 (21.5)	  1054394 (23.0)
2	  3002427 (17.2)	  1420425 (14.9)	   13,388 (16.9)	  410,497 (30.4)	  122,286 (28.1)	   85,862 (28.4)	   20,802 (29.7)	   12,873 (15.5)	   47,691 (24.8)	   24,330 (23.1)	   45,671 (26.6)	  137,352 (26.9)	  661,250 (14.4)
3	  2875864 (16.5)	  1516253 (15.9)	   12,522 (15.8)	  282,384 (20.9)	   98,154 (22.6)	   70,755 (23.4)	   18,303 (26.1)	   13,772 (16.6)	   52,699 (27.4)	   16,622 (15.8)	   35,173 (20.5)	  123,733 (24.2)	  635,494 (13.9)
4	  3069655 (17.6)	  1842506 (19.3)	   13,011 (16.5)	  172,952 (12.8)	   60,883 (14.0)	   36,632 (12.1)	    7,776 (11.1)	   20,627 (24.8)	   32,126 (16.7)	   10,809 (10.3)	   24,345 (14.2)	   74,901 (14.7)	  773,087 (16.9)
5	  2406392 (13.8)	  1530346 (16.0)	   11,880 (15.0)	  107,813 (8.0)	   47,690 (11.0)	   24,363 (8.0)	    3,891 (5.6)	   11,528 (13.9)	   11,565 (6.0)	    7,186 (6.8)	   10,899 (6.3)	   37,920 (7.4)	  601,311 (13.1)
6	  1949322 (11.2)	  1297933 (13.6)	   12,276 (15.5)	   70,103 (5.2)	   24,671 (5.7)	    9,471 (3.1)	    1,508 (2.2)	    6,260 (7.5)	    4,426 (2.3)	    3,006 (2.9)	    4,958 (2.9)	   18,601 (3.6)	  496,109 (10.8)

Male
0	  8731826 (50.1)	  4985354 (52.2)	   39,932 (50.5)	  688,476 (51.0)	  204,538 (47.1)	  145,740 (48.1)	   32,878 (46.9)	   43,570 (52.4)	   93,644 (48.8)	   55,143 (52.3)	   88,449 (51.5)	  249,375 (48.8)	  2104727 (45.9)
1	  8697896 (49.9)	  4558795 (47.8)	   39,096 (49.5)	  661,279 (49.0)	  229,982 (52.9)	  157,109 (51.9)	   37,192 (53.1)	   39,569 (47.6)	   98,416 (51.2)	   50,203 (47.7)	   83,417 (48.5)	  261,237 (51.2)	  2481601 (54.1)

Index of Multiple Deprivation (IMD)
1	  3547369 (20.4)	  2140694 (22.4)	   14,754 (18.7)	  172,518 (12.8)	   48,964 (11.3)	   12,248 (4.0)	    3,226 (4.6)	    5,167 (6.2)	   12,641 (6.6)	   19,956 (18.9)	   22,489 (13.1)	   52,186 (10.2)	  1042526 (22.7)
2	  3585007 (20.6)	  2085975 (21.9)	   17,254 (21.8)	  249,213 (18.5)	   62,214 (14.3)	   20,101 (6.6)	    5,261 (7.5)	    8,792 (10.6)	   19,684 (10.2)	   22,940 (21.8)	   28,223 (16.4)	   75,770 (14.8)	  989,580 (21.6)
3	  3547872 (20.4)	  1954084 (20.5)	   17,302 (21.9)	  279,501 (20.7)	   99,279 (22.8)	   38,096 (12.6)	   10,767 (15.4)	   15,005 (18.0)	   31,634 (16.5)	   22,553 (21.4)	   33,304 (19.4)	  101,449 (19.9)	  944,898 (20.6)
4	  3468895 (19.9)	  1759298 (18.4)	   16,419 (20.8)	  332,648 (24.6)	  140,475 (32.3)	   76,688 (25.3)	   19,802 (28.3)	   22,534 (27.1)	   51,644 (26.9)	   23,163 (22.0)	   40,684 (23.7)	  136,030 (26.6)	  849,510 (18.5)
5	  3138024 (18.0)	  1518943 (15.9)	   12,671 (16.0)	  304,857 (22.6)	   79,103 (18.2)	  154,374 (51.0)	   30,595 (43.7)	   31,060 (37.4)	   74,306 (38.7)	   15,259 (14.5)	   45,345 (26.4)	  140,364 (27.5)	  731,147 (15.9)
.	        0 (0.0)	        0 (0.0)	        0 (0.0)	        0 (0.0)	        0 (0.0)	        0 (0.0)	        0 (0.0)	        0 (0.0)	        0 (0.0)	        0 (0.0)	        0 (0.0)	        0 (0.0)	        0 (0.0)

Number of people in household
0	  7955257 (45.6)	  4861381 (50.9)	   43,078 (54.5)	  541,026 (40.1)	  109,086 (25.1)	   49,208 (16.2)	   10,973 (15.7)	   40,539 (48.8)	   63,552 (33.1)	   49,925 (47.4)	   68,883 (40.1)	  174,037 (34.1)	  1943569 (42.4)
1	  6044642 (34.7)	  3121422 (32.7)	   22,942 (29.0)	  513,879 (38.1)	  201,110 (46.3)	  118,598 (39.2)	   30,126 (43.0)	   29,772 (35.8)	   80,043 (41.7)	   32,144 (30.5)	   68,452 (39.8)	  205,369 (40.2)	  1620785 (35.3)
2	  835,669 (4.8)	  250,816 (2.6)	    3,016 (3.8)	  116,197 (8.6)	   61,204 (14.1)	   78,300 (25.9)	   17,703 (25.3)	    4,534 (5.5)	   28,280 (14.7)	    6,851 (6.5)	   14,718 (8.6)	   65,984 (12.9)	  188,066 (4.1)
3	  2594154 (14.9)	  1310530 (13.7)	    9,992 (12.6)	  178,653 (13.2)	   63,120 (14.5)	   56,743 (18.7)	   11,268 (16.1)	    8,294 (10.0)	   20,185 (10.5)	   16,426 (15.6)	   19,813 (11.5)	   65,222 (12.8)	  833,908 (18.2)
.	        0 (0.0)	        0 (0.0)	        0 (0.0)	        0 (0.0)	        0 (0.0)	        0 (0.0)	        0 (0.0)	        0 (0.0)	        0 (0.0)	        0 (0.0)	        0 (0.0)	        0 (0.0)	        0 (0.0)

Body Mass Index (BMI, kg/m2)
Mean (SD)	27.4 (5.7)	27.6 (5.7)	26.9 (5.3)	26.2 (5.4)	26.3 (4.9)	27.5 (5.6)	26.2 (4.7)	28.4 (5.9)	27.9 (5.6)	22.9 (3.9)	26.8 (5.7)	26.4 (5.2)	  . (  .)
Median (IQR)	26.6 (23.4-30.5)	26.8 (23.5-30.7)	26.2 (23.1-29.8)	25.3 (22.3-29.1)	25.7 (22.9-29.0)	26.9 (23.7-30.7)	25.7 (23.1-28.7)	27.6 (24.2-31.7)	27.3 (23.9-31.1)	22.3 (20.1-24.9)	25.9 (22.7-29.8)	25.7 (22.7-29.2)	  . (  .-  .)
15.0, 50.0

Obesity with SA categories
1	 1.35e+07 (77.4)	  7171822 (75.1)	   62,340 (78.9)	  1122148 (83.1)	  308,745 (71.1)	  189,775 (62.7)	   51,011 (72.8)	   59,136 (71.1)	  145,054 (75.5)	  101,410 (96.3)	  138,638 (80.7)	  398,452 (78.0)	  3746979 (81.7)
2	  2536515 (14.6)	  1491804 (15.6)	   11,208 (14.2)	  150,175 (11.1)	  105,955 (24.4)	   89,357 (29.5)	   16,368 (23.4)	   14,637 (17.6)	   30,437 (15.8)	    3,004 (2.9)	   21,086 (12.3)	   85,903 (16.8)	  516,581 (11.3)
3	  930,012 (5.3)	  583,580 (6.1)	    3,807 (4.8)	   52,765 (3.9)	   14,491 (3.3)	   16,740 (5.5)	    2,007 (2.9)	    6,077 (7.3)	   11,489 (6.0)	      651 (0.6)	    8,001 (4.7)	   18,563 (3.6)	  211,841 (4.6)
4	  467,685 (2.7)	  296,943 (3.1)	    1,673 (2.1)	   24,667 (1.8)	    5,329 (1.2)	    6,977 (2.3)	      684 (1.0)	    3,289 (4.0)	    5,080 (2.6)	      281 (0.3)	    4,141 (2.4)	    7,694 (1.5)	  110,927 (2.4)
.	        0 (0.0)	        0 (0.0)	        0 (0.0)	        0 (0.0)	        0 (0.0)	        0 (0.0)	        0 (0.0)	        0 (0.0)	        0 (0.0)	        0 (0.0)	        0 (0.0)	        0 (0.0)	        0 (0.0)

Smoking status
1	  8002346 (45.9)	  4117855 (43.1)	   31,354 (39.7)	  571,879 (42.4)	  324,554 (74.7)	  199,795 (66.0)	   43,559 (62.2)	   42,194 (50.8)	  138,707 (72.2)	   78,055 (74.1)	   90,282 (52.5)	  307,782 (60.3)	  2056330 (44.8)
2	  5739189 (32.9)	  3664092 (38.4)	   31,581 (40.0)	  384,062 (28.5)	   62,361 (14.4)	   47,474 (15.7)	   12,352 (17.6)	   22,468 (27.0)	   28,024 (14.6)	   12,590 (12.0)	   40,178 (23.4)	   98,039 (19.2)	  1335968 (29.1)
3	  2962781 (17.0)	  1616352 (16.9)	   14,579 (18.4)	  335,021 (24.8)	   33,891 (7.8)	   43,732 (14.4)	   11,297 (16.1)	   16,628 (20.0)	   17,250 (9.0)	    9,357 (8.9)	   34,459 (20.0)	   82,303 (16.1)	  747,912 (16.3)
.	        0 (0.0)	        0 (0.0)	        0 (0.0)	        0 (0.0)	        0 (0.0)	        0 (0.0)	        0 (0.0)	        0 (0.0)	        0 (0.0)	        0 (0.0)	        0 (0.0)	        0 (0.0)	        0 (0.0)

Diabetes Type
0	 1.57e+07 (90.1)	  8589981 (90.0)	   70,343 (89.0)	  1270671 (94.1)	  349,643 (80.5)	  245,370 (81.0)	   55,451 (79.1)	   64,595 (77.7)	  169,675 (88.3)	  100,093 (95.0)	  157,220 (91.5)	  447,443 (87.6)	  4185200 (91.3)
1	   89,151 (0.5)	   55,562 (0.6)	      351 (0.4)	    4,664 (0.3)	    1,103 (0.3)	      870 (0.3)	      126 (0.2)	      420 (0.5)	      699 (0.4)	       83 (0.1)	      643 (0.4)	    1,240 (0.2)	   23,390 (0.5)
2	  1249776 (7.2)	  701,935 (7.4)	    5,259 (6.7)	   51,275 (3.8)	   58,934 (13.6)	   43,771 (14.5)	   10,962 (15.6)	   12,534 (15.1)	   14,172 (7.4)	    3,428 (3.3)	    9,662 (5.6)	   39,878 (7.8)	  297,966 (6.5)
3	  385,110 (2.2)	  196,671 (2.1)	    3,075 (3.9)	   23,145 (1.7)	   24,840 (5.7)	   12,838 (4.2)	    3,531 (5.0)	    5,590 (6.7)	    7,514 (3.9)	    1,742 (1.7)	    4,341 (2.5)	   22,051 (4.3)	   79,772 (1.7)
.	        0 (0.0)	        0 (0.0)	        0 (0.0)	        0 (0.0)	        0 (0.0)	        0 (0.0)	        0 (0.0)	        0 (0.0)	        0 (0.0)	        0 (0.0)	        0 (0.0)	        0 (0.0)	        0 (0.0)

Diabetes type (Exeter definition)
0	 1.61e+07 (92.4)	  8792066 (92.1)	   73,493 (93.0)	  1294807 (95.9)	  375,241 (86.4)	  258,699 (85.4)	   59,151 (84.4)	   70,291 (84.5)	  177,438 (92.4)	  101,865 (96.7)	  161,714 (94.1)	  470,204 (92.1)	  4269180 (93.1)
1	   77,719 (0.4)	   48,787 (0.5)	      290 (0.4)	    3,795 (0.3)	      924 (0.2)	      806 (0.3)	      127 (0.2)	      302 (0.4)	      564 (0.3)	       68 (0.1)	      556 (0.3)	    1,010 (0.2)	   20,490 (0.4)
2	  1247854 (7.2)	  703,296 (7.4)	    5,245 (6.6)	   51,153 (3.8)	   58,355 (13.4)	   43,344 (14.3)	   10,792 (15.4)	   12,546 (15.1)	   14,058 (7.3)	    3,413 (3.2)	    9,596 (5.6)	   39,398 (7.7)	  296,658 (6.5)
.	        0 (0.0)	        0 (0.0)	        0 (0.0)	        0 (0.0)	        0 (0.0)	        0 (0.0)	        0 (0.0)	        0 (0.0)	        0 (0.0)	        0 (0.0)	        0 (0.0)	        0 (0.0)	        0 (0.0)

Diabetes and HbA1c combined
1	 1.57e+07 (90.1)	  8589981 (90.0)	   70,343 (89.0)	  1270671 (94.1)	  349,643 (80.5)	  245,370 (81.0)	   55,451 (79.1)	   64,595 (77.7)	  169,675 (88.3)	  100,093 (95.0)	  157,220 (91.5)	  447,443 (87.6)	  4185200 (91.3)
2	   23,342 (0.1)	   14,314 (0.1)	       90 (0.1)	    1,397 (0.1)	      339 (0.1)	      206 (0.1)	       36 (0.1)	      127 (0.2)	      206 (0.1)	       32 (0.0)	      159 (0.1)	      329 (0.1)	    6,107 (0.1)
3	   64,450 (0.4)	   40,603 (0.4)	      253 (0.3)	    3,134 (0.2)	      746 (0.2)	      637 (0.2)	       87 (0.1)	      283 (0.3)	      465 (0.2)	       49 (0.0)	      465 (0.3)	      880 (0.2)	   16,848 (0.4)
4	  785,405 (4.5)	  445,243 (4.7)	    3,544 (4.5)	   32,051 (2.4)	   36,718 (8.5)	   23,529 (7.8)	    6,147 (8.8)	    8,051 (9.7)	    8,714 (4.5)	    2,342 (2.2)	    5,931 (3.5)	   24,327 (4.8)	  188,808 (4.1)
5	  457,482 (2.6)	  253,650 (2.7)	    1,684 (2.1)	   18,789 (1.4)	   21,880 (5.0)	   19,959 (6.6)	    4,603 (6.6)	    4,316 (5.2)	    5,245 (2.7)	    1,036 (1.0)	    3,628 (2.1)	   15,192 (3.0)	  107,500 (2.3)
6	    8,248 (0.0)	    3,687 (0.0)	       39 (0.0)	      568 (0.0)	      354 (0.1)	      310 (0.1)	      215 (0.3)	      177 (0.2)	      241 (0.1)	       52 (0.0)	      122 (0.1)	      390 (0.1)	    2,093 (0.0)
.	        0 (0.0)	        0 (0.0)	        0 (0.0)	        0 (0.0)	        0 (0.0)	        0 (0.0)	        0 (0.0)	        0 (0.0)	        0 (0.0)	        0 (0.0)	        0 (0.0)	        0 (0.0)	        0 (0.0)



HbA1c %
Mean (SD)	5.8 (1.0)	5.8 (0.9)	5.7 (0.9)	5.7 (0.9)	6.0 (1.1)	6.1 (1.3)	6.2 (1.2)	6.1 (1.2)	5.9 (1.1)	5.8 (0.8)	5.8 (1.0)	5.9 (1.0)	  . (  .)
Median (IQR)	5.6 (5.4-5.9)	5.6 (5.4-5.9)	5.6 (5.4-5.9)	5.5 (5.3-5.8)	5.7 (5.4-6.2)	5.7 (5.4-6.3)	5.8 (5.4-6.4)	5.8 (5.4-6.3)	5.7 (5.4-6.0)	5.6 (5.4-6.0)	5.5 (5.3-5.9)	5.6 (5.4-6.0)	  . (  .-  .)
0.1, 19.8

Diagnosed hypertension
1	  3740944 (21.5)	  2276221 (23.8)	   19,787 (25.0)	  168,272 (12.5)	   84,630 (19.5)	   45,520 (15.0)	   10,178 (14.5)	   26,347 (31.7)	   31,768 (16.5)	    7,263 (6.9)	   20,769 (12.1)	   69,082 (13.5)	  981,107 (21.4)

High blood pressure or hypertension diagnosis
1	  5985999 (34.3)	  3600995 (37.7)	   29,695 (37.6)	  316,983 (23.5)	  123,263 (28.4)	   69,998 (23.1)	   15,262 (21.8)	   35,240 (42.4)	   51,370 (26.7)	   12,504 (11.9)	   36,690 (21.3)	  112,529 (22.0)	  1581470 (34.5)

Chronic Cardiac Diseases
1	  1205975 (6.9)	  757,964 (7.9)	    6,934 (8.8)	   48,757 (3.6)	   24,694 (5.7)	   17,522 (5.8)	    3,304 (4.7)	    5,185 (6.2)	    4,041 (2.1)	    1,435 (1.4)	    4,745 (2.8)	   16,752 (3.3)	  314,642 (6.9)

Stroke
1	  380,830 (2.2)	  241,822 (2.5)	    2,399 (3.0)	   14,501 (1.1)	    5,778 (1.3)	    3,889 (1.3)	      778 (1.1)	    2,148 (2.6)	    1,545 (0.8)	      482 (0.5)	    1,514 (0.9)	    4,432 (0.9)	  101,542 (2.2)

end stage renal failure
1	   25,182 (0.1)	   13,403 (0.1)	      110 (0.1)	    1,014 (0.1)	    1,066 (0.2)	      796 (0.3)	      134 (0.2)	      327 (0.4)	      387 (0.2)	       82 (0.1)	      224 (0.1)	      809 (0.2)	    6,830 (0.1)

Cancer
1	  981,073 (5.6)	  638,256 (6.7)	    5,687 (7.2)	   42,121 (3.1)	    9,340 (2.1)	    5,346 (1.8)	      892 (1.3)	    4,441 (5.3)	    3,149 (1.6)	    1,759 (1.7)	    3,715 (2.2)	   10,581 (2.1)	  255,786 (5.6)

Permanent immunosuppression
1	   89,065 (0.5)	   45,163 (0.5)	      527 (0.7)	    5,751 (0.4)	    1,911 (0.4)	    1,296 (0.4)	      198 (0.3)	    1,305 (1.6)	    7,304 (3.8)	      234 (0.2)	    2,119 (1.2)	    3,643 (0.7)	   19,614 (0.4)

Temporary immunosuppression
1	    4,831 (0.0)	    3,004 (0.0)	       21 (0.0)	      248 (0.0)	       71 (0.0)	       66 (0.0)	        7 (0.0)	       31 (0.0)	       66 (0.0)	        6 (0.0)	       35 (0.0)	       97 (0.0)	    1,179 (0.0)

Autoimmune disease
1	  894,734 (5.1)	  571,206 (6.0)	    5,095 (6.4)	   42,415 (3.1)	   16,607 (3.8)	   11,612 (3.8)	    2,683 (3.8)	    2,695 (3.2)	    2,610 (1.4)	    1,776 (1.7)	    5,008 (2.9)	   13,777 (2.7)	  219,250 (4.8)

Immunosuppressed (combination algorithm)
1	   93,002 (0.5)	   47,613 (0.5)	      545 (0.7)	    5,962 (0.4)	    1,973 (0.5)	    1,353 (0.4)	      205 (0.3)	    1,330 (1.6)	    7,348 (3.8)	      240 (0.2)	    2,143 (1.2)	    3,724 (0.7)	   20,566 (0.4)

Chronic liver disease
1	  104,634 (0.6)	   62,093 (0.7)	      775 (1.0)	    7,015 (0.5)	    2,036 (0.5)	    2,042 (0.7)	      337 (0.5)	      401 (0.5)	    2,103 (1.1)	    1,182 (1.1)	      900 (0.5)	    3,011 (0.6)	   22,739 (0.5)

Dementia
1	   44,209 (0.3)	   28,138 (0.3)	      397 (0.5)	    1,538 (0.1)	      583 (0.1)	      373 (0.1)	      108 (0.2)	      401 (0.5)	      123 (0.1)	       46 (0.0)	      122 (0.1)	      427 (0.1)	   11,953 (0.3)

Neurological disease
1	  175,316 (1.0)	  112,477 (1.2)	      874 (1.1)	    7,197 (0.5)	    2,518 (0.6)	    2,133 (0.7)	      269 (0.4)	      825 (1.0)	      743 (0.4)	      211 (0.2)	      916 (0.5)	    2,314 (0.5)	   44,839 (1.0)

Chronic Respiratory Diseases
1	  724,683 (4.2)	  499,253 (5.2)	    5,450 (6.9)	   27,746 (2.1)	    6,990 (1.6)	    6,555 (2.2)	    1,078 (1.5)	    2,362 (2.8)	    1,659 (0.9)	      570 (0.5)	    2,280 (1.3)	    6,766 (1.3)	  163,974 (3.6)

Asthma category
1	 1.74e+07 (100.0)	  9544149 (100.0)	   79,028 (100.0)	  1349755 (100.0)	  434,520 (100.0)	  302,849 (100.0)	   70,070 (100.0)	   83,139 (100.0)	  192,060 (100.0)	  105,346 (100.0)	  171,866 (100.0)	  510,612 (100.0)	  4586328 (100.0)

BP med in last 6 months
1	 1.74e+07 (100.0)	  9544149 (100.0)	   79,028 (100.0)	  1349755 (100.0)	  434,520 (100.0)	  302,849 (100.0)	   70,070 (100.0)	   83,139 (100.0)	  192,060 (100.0)	  105,346 (100.0)	  171,866 (100.0)	  510,612 (100.0)	  4586328 (100.0)

Statin in last 6 months
1	  2747358 (15.8)	  1716165 (18.0)	   15,690 (19.9)	  109,532 (8.1)	   71,280 (16.4)	   47,485 (15.7)	   12,056 (17.2)	   13,415 (16.1)	   12,494 (6.5)	    4,479 (4.3)	   11,644 (6.8)	   50,021 (9.8)	  683,097 (14.9)

Insulin in last 6 months
1	  251,942 (1.4)	  150,892 (1.6)	      909 (1.2)	   10,721 (0.8)	    7,342 (1.7)	    6,691 (2.2)	    1,543 (2.2)	    2,320 (2.8)	    2,244 (1.2)	      372 (0.4)	    1,804 (1.0)	    5,347 (1.0)	   61,757 (1.3)

