char	General_Pop	icu0	icu1

1	 1.75e+07 (100.0)	 1.75e+07 (100.0)	    3,113 (100.0)	

Age (years)
Mean (SD)	49.7 (18.7)	49.7 (18.7)	59.5 (12.4)	
Median (IQR)	49.0 (34.0-64.0)	49.0 (34.0-64.0)	60.0 (52.0-68.0)	

Male
1	  8737408 (49.9)	  8735248 (49.9)	    2,160 (69.4)	

Eth 5 categories
1	 1.10e+07 (63.0)	 1.10e+07 (63.0)	    1,697 (54.5)	
2	  1034337 (5.9)	  1033927 (5.9)	      410 (13.2)	
3	  344,889 (2.0)	  344,701 (2.0)	      188 (6.0)	
4	  172,551 (1.0)	  172,495 (1.0)	       56 (1.8)	
5	  324,730 (1.9)	  324,633 (1.9)	       97 (3.1)	
6	  4602822 (26.3)	  4602157 (26.3)	      665 (21.4)	

Eth 16 collapsed
1	  9598922 (54.8)	  9597415 (54.8)	    1,507 (48.4)	
2	   79,374 (0.5)	  [REDACTED]       [REDACTED]
3	  1352377 (7.7)	  1352192 (7.7)	      185 (5.9)	
4	  436,692 (2.5)	  436,531 (2.5)	      161 (5.2)	
5	  302,940 (1.7)	  302,822 (1.7)	      118 (3.8)	
6	   70,396 (0.4)	   70,371 (0.4)	       25 (0.8)	
7	  224,309 (1.3)	  224,203 (1.3)	      106 (3.4)	
8	   83,419 (0.5)	   83,377 (0.5)	       42 (1.3)	
9	  192,521 (1.1)	  192,403 (1.1)	      118 (3.8)	
10	   68,949 (0.4)	   68,921 (0.4)	       28 (0.9)	
11	  105,447 (0.6)	  105,429 (0.6)	       18 (0.6)	
12	  172,551 (1.0)	  172,495 (1.0)	       56 (1.8)	
13	  219,283 (1.3)	  219,204 (1.3)	       79 (2.5)	
14	  4602822 (26.3)	  4602157 (26.3)	      665 (21.4)	

Number of GP consultations in the 12 months prior to baseline
Mean (SD)	5.9 (8.5)	5.9 (8.5)	9.5 (11.4)	
Median (IQR)	3.0 (1.0-8.0)	3.0 (1.0-8.0)	7.0 (3.0-13.0)	

Index of Multiple Deprivation (IMD)
1	  3509990 (20.0)	  3509479 (20.0)	      511 (16.4)	
2	  3497116 (20.0)	  3496594 (20.0)	      522 (16.8)	
3	  3504303 (20.0)	  3503715 (20.0)	      588 (18.9)	
4	  3498950 (20.0)	  3498222 (20.0)	      728 (23.4)	
5	  3356297 (19.2)	  3355541 (19.2)	      756 (24.3)	

Number of people in household
1	  7615418 (43.5)	  7613971 (43.5)	    1,447 (46.5)	
2	  6225759 (35.6)	  6224747 (35.6)	    1,012 (32.5)	
3	  1003765 (5.7)	  1003543 (5.7)	      222 (7.1)	
4	   91,861 (0.5)	   91,836 (0.5)	       25 (0.8)	
.	        0 (0.0)	        0 (0.0)	        0 (0.0)	
.	        0 (0.0)	        0 (0.0)	        0 (0.0)	

Care home y/n
0	 1.74e+07 (99.6)	 1.74e+07 (99.6)	    3,104 (99.7)	
1	   78,354 (0.4)	   78,345 (0.4)	        9 (0.3)	

Body Mass Index (BMI, kg/m2)
Mean (SD)	27.4 (5.7)	27.4 (5.7)	31.5 (6.1)	
Median (IQR)	26.6 (23.4-30.5)	26.6 (23.4-30.5)	30.7 (27.1-35.2)	

HbA1c %
Mean (SD)	5.9 (1.0)	5.9 (1.0)	6.6 (1.6)	
Median (IQR)	5.6 (5.4-6.0)	5.6 (5.4-6.0)	6.0 (5.6-7.1)	

HbA1c mmo/mol
Mean (SD)	41.0 (93.6)	41.0 (93.6)	48.8 (17.7)	
Median (IQR)	38.0 (35.0-42.0)	38.0 (35.0-42.0)	42.0 (38.0-54.0)	

Count of co-morbid conditions
Mean (SD)	0.6 (0.9)	0.6 (0.9)	1.2 (1.1)	
Median (IQR)	0.0 (0.0-1.0)	0.0 (0.0-1.0)	1.0 (0.0-2.0)	

Diabetes Type
0	 1.58e+07 (90.1)	 1.58e+07 (90.1)	    2,054 (66.0)	
1	   89,637 (0.5)	   89,590 (0.5)	       47 (1.5)	
2	  1255998 (7.2)	  1255148 (7.2)	      850 (27.3)	
3	  387,327 (2.2)	  387,165 (2.2)	      162 (5.2)	

