Table 1: Demographic and Clinical Characteristics
	Total	0	1

1	 1.75e+07 (100.0)	 1.75e+07 (100.0)	    2,485 (100.0)	

Eth 5 categories
1	 1.10e+07 (63.0)	 1.10e+07 (63.0)	    1,618 (65.1)	
2	  1034337 (5.9)	  1034205 (5.9)	      132 (5.3)	
3	  344,889 (2.0)	  344,787 (2.0)	      102 (4.1)	
4	  172,551 (1.0)	  172,492 (1.0)	       59 (2.4)	
5	  324,730 (1.9)	  324,700 (1.9)	       30 (1.2)	
6	  4602822 (26.3)	  4602278 (26.3)	      544 (21.9)	

Eth 16 categories
1	  9598922 (54.8)	  9597410 (54.8)	    1,512 (60.8)	
2	   79,374 (0.5)	   79,361 (0.5)	       13 (0.5)	
3	  1352377 (7.7)	  1352284 (7.7)	       93 (3.7)	
4	   39,676 (0.2)	   39,648 (0.2)	       28 (1.1)	
5	   33,629 (0.2)	   33,620 (0.2)	        9 (0.4)	
6	   34,679 (0.2)	   [REDACTED]       [REDACTED]   	
7	   64,567 (0.4)	   64,546 (0.4)	       21 (0.8)	
8	  436,692 (2.5)	  436,661 (2.5)	       31 (1.2)	
9	  302,940 (1.7)	  302,878 (1.7)	       62 (2.5)	
10	   70,396 (0.4)	   70,377 (0.4)	       19 (0.8)	
11	  224,309 (1.3)	  224,289 (1.3)	       20 (0.8)	
12	   83,419 (0.5)	   83,386 (0.5)	       33 (1.3)	
13	  192,521 (1.1)	  192,486 (1.1)	       35 (1.4)	
14	   68,949 (0.4)	   68,915 (0.4)	       34 (1.4)	
15	  105,447 (0.6)	  [REDACTED]   	       [REDACTED]   
16	  219,283 (1.3)	  219,254 (1.3)	       29 (1.2)	
17	  4602822 (26.3)	  4602278 (26.3)	      544 (21.9)	
12	   83,419 (0.5)	   83,386 (0.5)	       33 (1.3)	

Age (years)
Mean (SD)	49.7 (18.7)	49.7 (18.7)	37.5 (12.8)	
Median (IQR)	49.0 (34.0-64.0)	49.0 (34.0-64.0)	35.0 (28.0-44.0)	

Grouped age
1	  3001138 (17.1)	  3000385 (17.1)	      753 (30.3)	
2	  3014796 (17.2)	  3013996 (17.2)	      800 (32.2)	
3	  2888663 (16.5)	  2888113 (16.5)	      550 (22.1)	
4	  3084610 (17.6)	  3084389 (17.6)	      221 (8.9)	
5	  2418647 (13.8)	  2418552 (13.8)	       95 (3.8)	
6	  1959352 (11.2)	  1959308 (11.2)	       44 (1.8)	
7	  1142796 (6.5)	  1142774 (6.5)	       22 (0.9)	

Male
0	  8772594 (50.1)	  8772458 (50.1)	      136 (5.5)	
1	  8737408 (49.9)	  8735059 (49.9)	    2,349 (94.5)	

Number of GP consultations in the 12 months prior to baseline
Mean (SD)	5.9 (8.5)	5.9 (8.5)	2.8 (7.2)	
Median (IQR)	3.0 (1.0-8.0)	3.0 (1.0-8.0)	0.0 (0.0-2.0)	

Index of Multiple Deprivation (IMD)
1	  3509990 (20.0)	  3509811 (20.0)	      179 (7.2)	
2	  3497116 (20.0)	  3496814 (20.0)	      302 (12.2)	
3	  3504303 (20.0)	  3503862 (20.0)	      441 (17.7)	
4	  3498950 (20.0)	  3498419 (20.0)	      531 (21.4)	
5	  3356297 (19.2)	  3355268 (19.2)	    1,029 (41.4)	

Number of people in household
1	  7615418 (43.5)	  7615282 (43.5)	      136 (5.5)	
2	  6225759 (35.6)	  6225612 (35.6)	      147 (5.9)	
3	  1003765 (5.7)	  1003654 (5.7)	      111 (4.5)	
4	   91,861 (0.5)	   91,691 (0.5)	      170 (6.8)	
.	        0 (0.0)	        0 (0.0)	        0 (0.0)	

Care home y/n
0	 1.74e+07 (99.6)	 1.74e+07 (99.6)	    2,485 (100.0)	
1	   78,354 (0.4)	   78,354 (0.4)	        0 (0.0)	
.	        0 (0.0)	        0 (0.0)	        0 (0.0)	

Smoking status (missing set to non)
1	  8766455 (50.1)	  8765973 (50.1)	      482 (19.4)	
2	  5766938 (32.9)	  5766561 (32.9)	      377 (15.2)	
3	  2976609 (17.0)	  2974983 (17.0)	    1,626 (65.4)	

Body Mass Index (BMI, kg/m2)
Mean (SD)	27.4 (5.7)	27.4 (5.7)	25.6 (5.7)	
Median (IQR)	26.6 (23.4-30.5)	26.6 (23.4-30.5)	24.6 (21.6-28.3)	

Obesity with SA categories
1	 1.36e+07 (77.6)	 1.36e+07 (77.6)	    2,164 (87.1)	
2	  2485933 (14.2)	  2485735 (14.2)	      198 (8.0)	
3	  959,549 (5.5)	  959,469 (5.5)	       80 (3.2)	
4	  478,901 (2.7)	  478,858 (2.7)	       43 (1.7)	

HbA1c %
Mean (SD)	5.9 (1.0)	5.9 (1.0)	6.0 (1.5)	
Median (IQR)	5.6 (5.4-6.0)	5.6 (5.4-6.0)	5.5 (5.4-6.0)	

HbA1c mmo/mol
Mean (SD)	41.0 (93.6)	41.0 (93.6)	41.9 (15.9)	
Median (IQR)	38.0 (35.0-42.0)	38.0 (35.0-42.0)	37.0 (35.0-42.0)	

Diabetes Type
0	 1.58e+07 (90.1)	 1.58e+07 (90.1)	    2,350 (94.6)	
1	   89,637 (0.5)	   89,618 (0.5)	       19 (0.8)	
2	  1255998 (7.2)	  1255901 (7.2)	       97 (3.9)	
3	  387,327 (2.2)	  387,308 (2.2)	       19 (0.8)	

Diabetes type (Exeter definition)
0	 1.62e+07 (92.4)	 1.62e+07 (92.4)	    2,379 (95.7)	
1	   78,125 (0.4)	   [REDACTED]         [REDACTED]   
2	  1254099 (7.2)	  1253998 (7.2)	      101 (4.1)	

Systolic BP
Mean (SD)	87.4 (122.8)	87.4 (122.8)	53.3 (62.4)	
Median (IQR)	119.0 (0.0-133.0)	119.0 (0.0-133.0)	0.0 (0.0-120.0)	

Diastolic BP
Mean (SD)	52.3 (36.8)	52.3 (36.8)	32.8 (38.7)	
Median (IQR)	70.0 (0.0-80.0)	70.0 (0.0-80.0)	0.0 (0.0-74.0)	

Mean Arterial Pressure
Mean (SD)	64.0 (57.0)	64.0 (57.0)	39.6 (46.5)	
Median (IQR)	87.3 (0.0-97.0)	87.3 (0.0-97.0)	0.0 (0.0-90.0)	



Count of co-morbid conditions
Mean (SD)	0.6 (0.9)	0.6 (0.9)	0.5 (0.7)	
Median (IQR)	0.0 (0.0-1.0)	0.0 (0.0-1.0)	0.0 (0.0-1.0)	

Diagnosed hypertension	  3771907 (21.5)	  3771715 (21.5)	      192 (7.7)	

Chronic Cardiac Diseases	  1221867 (7.0)	  1221768 (7.0)	       99 (4.0)	

Stroke	  387,570 (2.2)	  387,534 (2.2)	       36 (1.4)	

CKD defined by egfr<60	  1012710 (5.8)	  1012692 (5.8)	       18 (0.7)	

end stage renal failure	   25,683 (0.1)	   [REDACTED]          [REDACTED]   

Cancer	  996,767 (5.7)	  996,732 (5.7)	       35 (1.4)	

Autoimmune disease	  902,117 (5.2)	  902,030 (5.2)	       87 (3.5)	

Immunosuppressed (perm or temp)	   94,278 (0.5)	   94,246 (0.5)	       32 (1.3)	

Chronic liver disease	  106,442 (0.6)	  106,361 (0.6)	       81 (3.3)	

Dementia	   45,333 (0.3)	   [REDACTED]          [REDACTED]   

Neurological disease	  177,475 (1.0)	  177,464 (1.0)	       11 (0.4)	

Asthma category	  2696981 (15.4)	  2696455 (15.4)	      526 (21.2)	

Chronic Respiratory Diseases	  732,121 (4.2)	  732,041 (4.2)	       80 (3.2)	

BP med in last 12 months	   32,165 (0.2)	   32,165 (0.2)	        0 (0.0)	

Statin in last 12 months	  2949388 (16.8)	  2949324 (16.8)	       64 (2.6)	

Insulin in last 12 months	  261,222 (1.5)	  261,207 (1.5)	       15 (0.6)	

