char	General_Pop	ons_noncoviddeath0	ons_noncoviddeath1

1	 1.75e+07 (100.0)	 1.74e+07 (100.0)	   84,872 (100.0)	

Age (years)
Mean (SD)	49.7 (18.7)	49.6 (18.6)	79.5 (12.7)	
Median (IQR)	49.0 (34.0-64.0)	49.0 (34.0-64.0)	82.0 (73.0-89.0)	

Male
1	  8737408 (49.9)	  8695842 (49.9)	   41,566 (49.0)	

Eth 5 categories
1	 1.10e+07 (63.0)	 1.10e+07 (63.0)	   57,155 (67.3)	
2	  1034337 (5.9)	  1032552 (5.9)	    1,785 (2.1)	
3	  344,889 (2.0)	  344,218 (2.0)	      671 (0.8)	
4	  172,551 (1.0)	  172,359 (1.0)	      192 (0.2)	
5	  324,730 (1.9)	  324,393 (1.9)	      337 (0.4)	
6	  4602822 (26.3)	  4578090 (26.3)	   24,732 (29.1)	

Eth 16 collapsed
1	  9598922 (54.8)	  9545235 (54.8)	   53,687 (63.3)	
2	   79,374 (0.5)	   78,820 (0.5)	      554 (0.7)	
3	  1352377 (7.7)	  1349463 (7.7)	    2,914 (3.4)	
4	  436,692 (2.5)	  435,801 (2.5)	      891 (1.0)	
5	  302,940 (1.7)	  302,411 (1.7)	      529 (0.6)	
6	   70,396 (0.4)	   70,303 (0.4)	       93 (0.1)	
7	  224,309 (1.3)	  224,037 (1.3)	      272 (0.3)	
8	   83,419 (0.5)	   83,030 (0.5)	      389 (0.5)	
9	  192,521 (1.1)	  192,347 (1.1)	      174 (0.2)	
10	   68,949 (0.4)	   68,841 (0.4)	      108 (0.1)	
11	  105,447 (0.6)	  105,381 (0.6)	       66 (0.1)	
12	  172,551 (1.0)	  172,359 (1.0)	      192 (0.2)	
13	  219,283 (1.3)	  219,012 (1.3)	      271 (0.3)	
14	  4602822 (26.3)	  4578090 (26.3)	   24,732 (29.1)	

Number of GP consultations in the 12 months prior to baseline
Mean (SD)	5.9 (8.5)	5.8 (8.4)	13.9 (15.3)	
Median (IQR)	3.0 (1.0-8.0)	3.0 (0.0-8.0)	10.0 (4.0-18.0)	

Index of Multiple Deprivation (IMD)
1	  3509990 (20.0)	  3493669 (20.0)	   16,321 (19.2)	
2	  3497116 (20.0)	  3480044 (20.0)	   17,072 (20.1)	
3	  3504303 (20.0)	  3486742 (20.0)	   17,561 (20.7)	
4	  3498950 (20.0)	  3481872 (20.0)	   17,078 (20.1)	
5	  3356297 (19.2)	  3339844 (19.2)	   16,453 (19.4)	

Number of people in household
1	  7615418 (43.5)	  7562274 (43.4)	   53,144 (62.6)	
2	  6225759 (35.6)	  6215950 (35.7)	    9,809 (11.6)	
3	  1003765 (5.7)	  1001035 (5.7)	    2,730 (3.2)	
4	   91,861 (0.5)	   89,986 (0.5)	    1,875 (2.2)	
.	        0 (0.0)	        0 (0.0)	        0 (0.0)	
.	        0 (0.0)	        0 (0.0)	        0 (0.0)	

Care home y/n
0	 1.74e+07 (99.6)	 1.74e+07 (99.6)	   72,265 (85.1)	
1	   78,354 (0.4)	   65,747 (0.4)	   12,607 (14.9)	

Body Mass Index (BMI, kg/m2)
Mean (SD)	27.4 (5.7)	27.4 (5.7)	26.1 (5.9)	
Median (IQR)	26.6 (23.4-30.5)	26.6 (23.4-30.5)	25.3 (21.8-29.4)	

HbA1c %
Mean (SD)	5.9 (1.0)	5.9 (1.0)	6.2 (1.2)	
Median (IQR)	5.6 (5.4-6.0)	5.6 (5.4-6.0)	5.9 (5.5-6.5)	

HbA1c mmo/mol
Mean (SD)	41.0 (93.6)	40.9 (92.9)	45.1 (155.9)	
Median (IQR)	38.0 (35.0-42.0)	38.0 (35.0-42.0)	41.0 (37.0-47.0)	

Count of co-morbid conditions
Mean (SD)	0.6 (0.9)	0.6 (0.9)	2.2 (1.2)	
Median (IQR)	0.0 (0.0-1.0)	0.0 (0.0-1.0)	2.0 (1.0-3.0)	

Diabetes Type
0	 1.58e+07 (90.1)	 1.57e+07 (90.2)	   60,072 (70.8)	
1	   89,637 (0.5)	   88,792 (0.5)	      845 (1.0)	
2	  1255998 (7.2)	  1235614 (7.1)	   20,384 (24.0)	
3	  387,327 (2.2)	  383,756 (2.2)	    3,571 (4.2)	

