char	General_Pop	cpnsdeath0	cpnsdeath1

1	 1.75e+07 (100.0)	 1.75e+07 (100.0)	    9,367 (100.0)	

Age (years)
Mean (SD)	49.7 (18.7)	49.7 (18.7)	78.3 (11.9)	
Median (IQR)	49.0 (34.0-64.0)	49.0 (34.0-64.0)	81.0 (72.0-87.0)	

Male
1	  8737408 (49.9)	  8731706 (49.9)	    5,702 (60.9)	

Eth 5 categories
1	 1.10e+07 (63.0)	 1.10e+07 (63.0)	    6,000 (64.1)	
2	  1034337 (5.9)	  1033739 (5.9)	      598 (6.4)	
3	  344,889 (2.0)	  344,664 (2.0)	      225 (2.4)	
4	  172,551 (1.0)	  172,498 (1.0)	       53 (0.6)	
5	  324,730 (1.9)	  324,633 (1.9)	       97 (1.0)	
6	  4602822 (26.3)	  4600428 (26.3)	    2,394 (25.6)	

Eth 16 collapsed
1	  9598922 (54.8)	  9593368 (54.8)	    5,554 (59.3)	
2	   79,374 (0.5)	   79,289 (0.5)	       85 (0.9)	
3	  1352377 (7.7)	  1352016 (7.7)	      361 (3.9)	
4	  436,692 (2.5)	  436,416 (2.5)	      276 (2.9)	
5	  302,940 (1.7)	  302,771 (1.7)	      169 (1.8)	
6	   70,396 (0.4)	   70,362 (0.4)	       34 (0.4)	
7	  224,309 (1.3)	  224,190 (1.3)	      119 (1.3)	
8	   83,419 (0.5)	   83,309 (0.5)	      110 (1.2)	
9	  192,521 (1.1)	  192,441 (1.1)	       80 (0.9)	
10	   68,949 (0.4)	   68,914 (0.4)	       35 (0.4)	
11	  105,447 (0.6)	  105,429 (0.6)	       18 (0.2)	
12	  172,551 (1.0)	  172,498 (1.0)	       53 (0.6)	
13	  219,283 (1.3)	  219,204 (1.3)	       79 (0.8)	
14	  4602822 (26.3)	  4600428 (26.3)	    2,394 (25.6)	

Number of GP consultations in the 12 months prior to baseline
Mean (SD)	5.9 (8.5)	5.9 (8.5)	14.0 (15.4)	
Median (IQR)	3.0 (1.0-8.0)	3.0 (1.0-8.0)	10.0 (4.0-18.0)	

Index of Multiple Deprivation (IMD)
1	  3509990 (20.0)	  3508463 (20.0)	    1,527 (16.3)	
2	  3497116 (20.0)	  3495424 (20.0)	    1,692 (18.1)	
3	  3504303 (20.0)	  3502457 (20.0)	    1,846 (19.7)	
4	  3498950 (20.0)	  3496888 (20.0)	    2,062 (22.0)	
5	  3356297 (19.2)	  3354107 (19.2)	    2,190 (23.4)	

Number of people in household
1	  7615418 (43.5)	  7609555 (43.5)	    5,863 (62.6)	
2	  6225759 (35.6)	  6224500 (35.6)	    1,259 (13.4)	
3	  1003765 (5.7)	  1003393 (5.7)	      372 (4.0)	
4	   91,861 (0.5)	   91,709 (0.5)	      152 (1.6)	
.	        0 (0.0)	        0 (0.0)	        0 (0.0)	
.	        0 (0.0)	        0 (0.0)	        0 (0.0)	

Care home y/n
0	 1.74e+07 (99.6)	 1.74e+07 (99.6)	    8,303 (88.6)	
1	   78,354 (0.4)	   77,290 (0.4)	    1,064 (11.4)	

Body Mass Index (BMI, kg/m2)
Mean (SD)	27.4 (5.7)	27.4 (5.7)	28.2 (6.2)	
Median (IQR)	26.6 (23.4-30.5)	26.6 (23.4-30.5)	27.4 (23.8-31.9)	

HbA1c %
Mean (SD)	5.9 (1.0)	5.9 (1.0)	6.5 (1.4)	
Median (IQR)	5.6 (5.4-6.0)	5.6 (5.4-6.0)	6.0 (5.6-6.9)	

HbA1c mmo/mol
Mean (SD)	41.0 (93.6)	41.0 (93.7)	47.3 (15.4)	
Median (IQR)	38.0 (35.0-42.0)	38.0 (35.0-42.0)	42.0 (38.0-52.0)	

Count of co-morbid conditions
Mean (SD)	0.6 (0.9)	0.6 (0.9)	2.1 (1.3)	
Median (IQR)	0.0 (0.0-1.0)	0.0 (0.0-1.0)	2.0 (1.0-3.0)	

Diabetes Type
0	 1.58e+07 (90.1)	 1.58e+07 (90.1)	    5,607 (59.9)	
1	   89,637 (0.5)	   89,513 (0.5)	      124 (1.3)	
2	  1255998 (7.2)	  1252849 (7.2)	    3,149 (33.6)	
3	  387,327 (2.2)	  386,840 (2.2)	      487 (5.2)	

