char	General_Pop	ae0	ae1

1	 1.75e+07 (100.0)	 1.62e+07 (100.0)	  1331994 (100.0)	

Age (years)
Mean (SD)	49.7 (18.7)	49.4 (18.5)	52.8 (21.1)	
Median (IQR)	49.0 (34.0-64.0)	49.0 (34.0-63.0)	52.0 (34.0-71.0)	

Male
1	  8737408 (49.9)	  8099161 (50.1)	  638,247 (47.9)	

Eth 5 categories
1	 1.10e+07 (63.0)	 1.02e+07 (62.8)	  877,762 (65.9)	
2	  1034337 (5.9)	  973,065 (6.0)	   61,272 (4.6)	
3	  344,889 (2.0)	  320,498 (2.0)	   24,391 (1.8)	
4	  172,551 (1.0)	  160,414 (1.0)	   12,137 (0.9)	
5	  324,730 (1.9)	  309,512 (1.9)	   15,218 (1.1)	
6	  4602822 (26.3)	  4261608 (26.3)	  341,214 (25.6)	

Eth 16 collapsed
1	  9598922 (54.8)	  8806298 (54.4)	  792,624 (59.5)	
2	   79,374 (0.5)	   72,589 (0.4)	    6,785 (0.5)	
3	  1352377 (7.7)	  1274024 (7.9)	   78,353 (5.9)	
4	  436,692 (2.5)	  412,925 (2.6)	   23,767 (1.8)	
5	  302,940 (1.7)	  282,322 (1.7)	   20,618 (1.5)	
6	   70,396 (0.4)	   66,106 (0.4)	    4,290 (0.3)	
7	  224,309 (1.3)	  211,712 (1.3)	   12,597 (0.9)	
8	   83,419 (0.5)	   76,454 (0.5)	    6,965 (0.5)	
9	  192,521 (1.1)	  180,041 (1.1)	   12,480 (0.9)	
10	   68,949 (0.4)	   64,003 (0.4)	    4,946 (0.4)	
11	  105,447 (0.6)	  103,353 (0.6)	    2,094 (0.2)	
12	  172,551 (1.0)	  160,414 (1.0)	   12,137 (0.9)	
13	  219,283 (1.3)	  206,159 (1.3)	   13,124 (1.0)	
14	  4602822 (26.3)	  4261608 (26.3)	  341,214 (25.6)	

Number of GP consultations in the 12 months prior to baseline
Mean (SD)	5.9 (8.5)	5.5 (7.9)	10.0 (13.1)	
Median (IQR)	3.0 (1.0-8.0)	3.0 (0.0-8.0)	6.0 (2.0-13.0)	

Index of Multiple Deprivation (IMD)
1	  3509990 (20.0)	  3286307 (20.3)	  223,683 (16.8)	
2	  3497116 (20.0)	  3255112 (20.1)	  242,004 (18.2)	
3	  3504303 (20.0)	  3245048 (20.1)	  259,255 (19.5)	
4	  3498950 (20.0)	  3216046 (19.9)	  282,904 (21.2)	
5	  3356297 (19.2)	  3043580 (18.8)	  312,717 (23.5)	

Number of people in household
1	  7615418 (43.5)	  6974550 (43.1)	  640,868 (48.1)	
2	  6225759 (35.6)	  5788719 (35.8)	  437,040 (32.8)	
3	  1003765 (5.7)	  932,084 (5.8)	   71,681 (5.4)	
4	   91,861 (0.5)	   85,164 (0.5)	    6,697 (0.5)	
.	        0 (0.0)	        0 (0.0)	        0 (0.0)	
.	        0 (0.0)	        0 (0.0)	        0 (0.0)	

Care home y/n
0	 1.74e+07 (99.6)	 1.61e+07 (99.6)	  1315635 (98.8)	
1	   78,354 (0.4)	   61,995 (0.4)	   16,359 (1.2)	

Body Mass Index (BMI, kg/m2)
Mean (SD)	27.4 (5.7)	27.4 (5.7)	27.8 (6.1)	
Median (IQR)	26.6 (23.4-30.5)	26.5 (23.3-30.5)	27.0 (23.5-31.2)	

HbA1c %
Mean (SD)	5.9 (1.0)	5.9 (1.0)	6.0 (1.2)	
Median (IQR)	5.6 (5.4-6.0)	5.6 (5.4-6.0)	5.7 (5.4-6.1)	

HbA1c mmo/mol
Mean (SD)	41.0 (93.6)	40.8 (94.8)	42.2 (81.5)	
Median (IQR)	38.0 (35.0-42.0)	38.0 (35.0-42.0)	39.0 (35.0-43.0)	

Count of co-morbid conditions
Mean (SD)	0.6 (0.9)	0.6 (0.9)	1.0 (1.1)	
Median (IQR)	0.0 (0.0-1.0)	0.0 (0.0-1.0)	1.0 (0.0-2.0)	

Diabetes Type
0	 1.58e+07 (90.1)	 1.46e+07 (90.5)	  1131819 (85.0)	
1	   89,637 (0.5)	   77,387 (0.5)	   12,250 (0.9)	
2	  1255998 (7.2)	  1105577 (6.8)	  150,421 (11.3)	
3	  387,327 (2.2)	  349,823 (2.2)	   37,504 (2.8)	

