Table 2: Association between ethnicity in 5 categories and COVID-19 outcomes - Excluding Large Households
	Denominator	Event	Total person-weeks	Rate per 1,000	Crude		Age/Sex Adjusted		Age/Sex/IMD Adjusted		plus co-morbidities		plus hh size/carehome		
					HR	95% CI	HR	95% CI	HR	95% CI	HR	95% CI	HR	95% CI
tested
White	11030673	834665	 283175442	2.95	1.00		1.00		1.00		1.00		1.00
South Asian	1034337	83876	  26603024	3.15	1.06	(1.04 - 1.07)
Black	344889	25909	   8859029	2.92	1.07	(1.05 - 1.09)
Mixed	172551	12418	   4443402	2.79	1.07	(1.04 - 1.10)
Other	324730	16256	   8411306	1.93	0.90	(0.88 - 0.92)
Unknown	4602822	302545	 118472512	2.55	0.98	(0.97 - 0.99)
positivetest
White	11030673	46136	 288476946	0.16	1.00		1.00		1.00		1.00		1.00
South Asian	1034337	9815	  27059833	0.36	1.90	(1.83 - 1.97)
Black	344889	2358	   9022706	0.26	1.71	(1.60 - 1.81)
Mixed	172551	865	   4521307	0.19	1.55	(1.40 - 1.72)
Other	324730	1257	   8513352	0.15	1.44	(1.32 - 1.57)
Unknown	4602822	17783	 120384887	0.15	1.05	(1.02 - 1.08)
ae
White	11030673	877762	 277098222	3.17	1.00		1.00		1.00		1.00		1.00
South Asian	1034337	61272	  26274302	2.33	0.82	(0.81 - 0.83)
Black	344889	24391	   8702195	2.80	0.99	(0.97 - 1.01)
Mixed	172551	12137	   4361174	2.78	0.99	(0.96 - 1.01)
Other	324730	15218	   8311382	1.83	0.90	(0.88 - 0.92)
Unknown	4602822	341214	 115976713	2.94	1.01	(1.00 - 1.01)
icu
White	11030673	1697	 282702976	0.01	1.00		1.00		1.00		1.00		1.00
South Asian	1034337	410	  26558295	0.02	2.37	(2.01 - 2.80)
Black	344889	188	   8853078	0.02	3.02	(2.45 - 3.71)
Mixed	172551	56	   4432680	0.01	3.14	(2.25 - 4.39)
Other	324730	97	   8342471	0.01	3.28	(2.50 - 4.29)
Unknown	4602822	665	 117954816	0.01	1.05	(0.93 - 1.19)
onscoviddeath
White	11030673	10370	 288983863	0.04	1.00		1.00		1.00		1.00		1.00
South Asian	1034337	771	  27151760	0.03	1.49	(1.34 - 1.64)
Black	344889	305	   9051561	0.03	1.43	(1.23 - 1.66)
Mixed	172551	77	   4531702	0.02	1.46	(1.10 - 1.94)
Other	324730	137	   8528791	0.02	1.30	(1.04 - 1.63)
Unknown	4602822	3967	 120574720	0.03	1.04	(0.98 - 1.10)
ons_noncoviddeath
White	11030673	57155	 288983863	0.20	1.00		1.00		1.00		1.00		1.00
South Asian	1034337	1785	  27151760	0.07	0.83	(0.78 - 0.88)
Black	344889	671	   9051561	0.07	0.81	(0.74 - 0.90)
Mixed	172551	192	   4531702	0.04	0.79	(0.66 - 0.95)
Other	324730	337	   8528791	0.04	0.76	(0.66 - 0.87)
Unknown	4602822	24732	 120574720	0.21	1.07	(1.05 - 1.10)
onsdeath
White	11030673	67525	 288983863	0.23	1.00		1.00		1.00		1.00		1.00
South Asian	1034337	2556	  27151760	0.09	0.96	(0.91 - 1.01)
Black	344889	976	   9051561	0.11	0.94	(0.87 - 1.02)
Mixed	172551	269	   4531702	0.06	0.92	(0.79 - 1.07)
Other	324730	474	   8528791	0.06	0.85	(0.76 - 0.96)
Unknown	4602822	28699	 120574720	0.24	1.07	(1.05 - 1.09)
cpnsdeath
White	11030673	6000	 288982656	0.02	1.00		1.00		1.00		1.00		1.00
South Asian	1034337	598	  27151650	0.02	1.62	(1.44 - 1.81)
Black	344889	225	   9051492	0.02	1.50	(1.27 - 1.78)
Mixed	172551	53	   4531660	0.01	1.40	(1.00 - 1.95)
Other	324730	97	   8528731	0.01	1.42	(1.10 - 1.83)
Unknown	4602822	2394	 120574281	0.02	1.06	(1.00 - 1.13)
