char	General_Pop	onsdeath0	onsdeath1

1	 1.75e+07 (100.0)	 1.74e+07 (100.0)	  100,499 (100.0)	

Age (years)
Mean (SD)	49.7 (18.7)	49.5 (18.6)	79.6 (12.5)	
Median (IQR)	49.0 (34.0-64.0)	49.0 (34.0-64.0)	82.0 (73.0-89.0)	

Male
1	  8737408 (49.9)	  8687314 (49.9)	   50,094 (49.8)	

Eth 5 categories
1	 1.10e+07 (63.0)	 1.10e+07 (63.0)	   67,525 (67.2)	
2	  1034337 (5.9)	  1031781 (5.9)	    2,556 (2.5)	
3	  344,889 (2.0)	  343,913 (2.0)	      976 (1.0)	
4	  172,551 (1.0)	  172,282 (1.0)	      269 (0.3)	
5	  324,730 (1.9)	  324,256 (1.9)	      474 (0.5)	
6	  4602822 (26.3)	  4574123 (26.3)	   28,699 (28.6)	

Eth 16 collapsed
1	  9598922 (54.8)	  9535552 (54.8)	   63,370 (63.1)	
2	   79,374 (0.5)	   78,693 (0.5)	      681 (0.7)	
3	  1352377 (7.7)	  1348903 (7.7)	    3,474 (3.5)	
4	  436,692 (2.5)	  435,444 (2.5)	    1,248 (1.2)	
5	  302,940 (1.7)	  302,197 (1.7)	      743 (0.7)	
6	   70,396 (0.4)	   70,254 (0.4)	      142 (0.1)	
7	  224,309 (1.3)	  223,886 (1.3)	      423 (0.4)	
8	   83,419 (0.5)	   82,866 (0.5)	      553 (0.6)	
9	  192,521 (1.1)	  192,247 (1.1)	      274 (0.3)	
10	   68,949 (0.4)	   68,800 (0.4)	      149 (0.1)	
11	  105,447 (0.6)	  105,353 (0.6)	       94 (0.1)	
12	  172,551 (1.0)	  172,282 (1.0)	      269 (0.3)	
13	  219,283 (1.3)	  218,903 (1.3)	      380 (0.4)	
14	  4602822 (26.3)	  4574123 (26.3)	   28,699 (28.6)	

Number of GP consultations in the 12 months prior to baseline
Mean (SD)	5.9 (8.5)	5.8 (8.4)	13.7 (15.3)	
Median (IQR)	3.0 (1.0-8.0)	3.0 (0.0-8.0)	10.0 (4.0-18.0)	

Index of Multiple Deprivation (IMD)
1	  3509990 (20.0)	  3490943 (20.1)	   19,047 (19.0)	
2	  3497116 (20.0)	  3477112 (20.0)	   20,004 (19.9)	
3	  3504303 (20.0)	  3483733 (20.0)	   20,570 (20.5)	
4	  3498950 (20.0)	  3478505 (20.0)	   20,445 (20.3)	
5	  3356297 (19.2)	  3336352 (19.2)	   19,945 (19.8)	

Number of people in household
1	  7615418 (43.5)	  7554162 (43.4)	   61,256 (61.0)	
2	  6225759 (35.6)	  6214151 (35.7)	   11,608 (11.6)	
3	  1003765 (5.7)	  1000248 (5.7)	    3,517 (3.5)	
4	   91,861 (0.5)	   89,476 (0.5)	    2,385 (2.4)	
.	        0 (0.0)	        0 (0.0)	        0 (0.0)	
.	        0 (0.0)	        0 (0.0)	        0 (0.0)	

Care home y/n
0	 1.74e+07 (99.6)	 1.73e+07 (99.6)	   83,994 (83.6)	
1	   78,354 (0.4)	   61,849 (0.4)	   16,505 (16.4)	

Body Mass Index (BMI, kg/m2)
Mean (SD)	27.4 (5.7)	27.4 (5.7)	26.2 (6.0)	
Median (IQR)	26.6 (23.4-30.5)	26.6 (23.4-30.5)	25.5 (22.0-29.6)	

HbA1c %
Mean (SD)	5.9 (1.0)	5.9 (1.0)	6.2 (1.3)	
Median (IQR)	5.6 (5.4-6.0)	5.6 (5.4-6.0)	5.9 (5.5-6.5)	

HbA1c mmo/mol
Mean (SD)	41.0 (93.6)	40.9 (93.0)	45.2 (143.0)	
Median (IQR)	38.0 (35.0-42.0)	38.0 (35.0-42.0)	41.0 (37.0-47.0)	

Count of co-morbid conditions
Mean (SD)	0.6 (0.9)	0.6 (0.9)	2.1 (1.2)	
Median (IQR)	0.0 (0.0-1.0)	0.0 (0.0-1.0)	2.0 (1.0-3.0)	

Diabetes Type
0	 1.58e+07 (90.1)	 1.57e+07 (90.2)	   70,105 (69.8)	
1	   89,637 (0.5)	   88,625 (0.5)	    1,012 (1.0)	
2	  1255998 (7.2)	  1230955 (7.1)	   25,043 (24.9)	
3	  387,327 (2.2)	  382,988 (2.2)	    4,339 (4.3)	

