Table 2: Association between ethnicity in 5 categories and COVID-19 outcomes - Complete Case Analysis
	Denominator	Event	Total person-weeks	Rate per 1,000	Crude		Age/Sex Adjusted		Age/Sex/IMD Adjusted		plus co-morbidities		plus hh size/carehome		
					HR	95% CI	HR	95% CI	HR	95% CI	HR	95% CI	HR	95% CI
tested
White	11030673	834665	 283175442	2.95	1.00		1.00		1.00		1.00		1.00
South Asian	1034337	83876	  26603024	3.15	1.05	(1.05 - 1.06)	1.10	(1.09 - 1.11)	1.07	(1.06 - 1.08)	1.03	(1.01 - 1.04)	1.04	(1.03 - 1.05)
Black	344889	25909	   8859029	2.92	1.02	(1.01 - 1.03)	1.07	(1.06 - 1.09)	1.04	(1.02 - 1.05)	1.05	(1.04 - 1.07)	1.06	(1.04 - 1.08)
Mixed	172551	12418	   4443402	2.79	0.97	(0.95 - 0.99)	1.03	(1.01 - 1.05)	1.01	(0.99 - 1.03)	1.07	(1.04 - 1.10)	1.07	(1.04 - 1.10)
Other	324730	16256	   8411306	1.93	0.67	(0.66 - 0.68)	0.71	(0.70 - 0.72)	0.70	(0.69 - 0.71)	0.89	(0.87 - 0.91)	0.90	(0.88 - 0.92)
positivetest
White	11030673	46136	 288476946	0.16	1.00		1.00		1.00		1.00		1.00
South Asian	1034337	9815	  27059833	0.36	2.18	(2.13 - 2.23)	2.53	(2.47 - 2.59)	2.35	(2.29 - 2.41)	1.92	(1.86 - 1.99)	1.88	(1.81 - 1.95)
Black	344889	2358	   9022706	0.26	1.69	(1.62 - 1.76)	1.98	(1.90 - 2.07)	1.80	(1.72 - 1.88)	1.65	(1.56 - 1.75)	1.69	(1.59 - 1.80)
Mixed	172551	865	   4521307	0.19	1.26	(1.18 - 1.35)	1.56	(1.46 - 1.67)	1.48	(1.39 - 1.59)	1.55	(1.41 - 1.70)	1.56	(1.41 - 1.73)
Other	324730	1257	   8513352	0.15	0.98	(0.93 - 1.04)	1.20	(1.14 - 1.27)	1.16	(1.09 - 1.23)	1.44	(1.33 - 1.55)	1.44	(1.33 - 1.57)
ae
White	11030673	877762	 277098222	3.17	1.00		1.00		1.00		1.00		1.00
South Asian	1034337	61272	  26274302	2.33	0.79	(0.78 - 0.79)	0.84	(0.83 - 0.85)	0.79	(0.78 - 0.79)	0.83	(0.82 - 0.84)	0.82	(0.81 - 0.83)
Black	344889	24391	   8702195	2.80	0.94	(0.93 - 0.95)	1.00	(0.99 - 1.02)	0.92	(0.91 - 0.93)	0.98	(0.97 - 1.00)	0.99	(0.97 - 1.00)
Mixed	172551	12137	   4361174	2.78	0.92	(0.90 - 0.94)	0.98	(0.96 - 1.00)	0.94	(0.92 - 0.96)	0.99	(0.96 - 1.02)	0.98	(0.96 - 1.01)
Other	324730	15218	   8311382	1.83	0.62	(0.61 - 0.63)	0.66	(0.65 - 0.67)	0.64	(0.63 - 0.65)	0.91	(0.89 - 0.93)	0.90	(0.88 - 0.92)
icu
White	11030673	1697	 282702976	0.01	1.00		1.00		1.00		1.00		1.00
South Asian	1034337	410	  26558295	0.02	2.38	(2.12 - 2.66)	3.29	(2.93 - 3.70)	3.05	(2.71 - 3.43)	2.53	(2.19 - 2.93)	2.30	(1.95 - 2.71)
Black	344889	188	   8853078	0.02	3.09	(2.65 - 3.61)	3.93	(3.36 - 4.60)	3.51	(2.99 - 4.12)	3.17	(2.62 - 3.84)	3.02	(2.46 - 3.71)
Mixed	172551	56	   4432680	0.01	1.96	(1.50 - 2.56)	3.17	(2.42 - 4.14)	3.00	(2.29 - 3.93)	3.15	(2.30 - 4.32)	3.18	(2.29 - 4.42)
Other	324730	97	   8342471	0.01	1.82	(1.48 - 2.24)	2.90	(2.35 - 3.58)	2.79	(2.26 - 3.44)	3.48	(2.71 - 4.47)	3.28	(2.51 - 4.28)
onscoviddeath
White	11030673	10370	 288983863	0.04	1.00		1.00		1.00		1.00		1.00
South Asian	1034337	771	  27151760	0.03	0.71	(0.66 - 0.77)	1.58	(1.46 - 1.70)	1.39	(1.29 - 1.51)	1.30	(1.19 - 1.42)	1.42	(1.29 - 1.57)
Black	344889	305	   9051561	0.03	0.84	(0.75 - 0.94)	1.72	(1.53 - 1.94)	1.47	(1.31 - 1.66)	1.31	(1.14 - 1.49)	1.43	(1.23 - 1.66)
Mixed	172551	77	   4531702	0.02	0.45	(0.36 - 0.56)	1.49	(1.19 - 1.87)	1.37	(1.10 - 1.72)	1.44	(1.12 - 1.85)	1.48	(1.12 - 1.95)
Other	324730	137	   8528791	0.02	0.43	(0.36 - 0.51)	1.28	(1.08 - 1.52)	1.20	(1.01 - 1.43)	1.29	(1.06 - 1.56)	1.31	(1.06 - 1.64)
ons_noncoviddeath
White	11030673	57155	 288983863	0.20	1.00		1.00		1.00		1.00		1.00
South Asian	1034337	1785	  27151760	0.07	0.37	(0.35 - 0.39)	0.81	(0.78 - 0.86)	0.74	(0.70 - 0.77)	0.78	(0.74 - 0.83)	0.81	(0.76 - 0.86)
Black	344889	671	   9051561	0.07	0.42	(0.39 - 0.46)	0.89	(0.82 - 0.96)	0.78	(0.72 - 0.84)	0.78	(0.71 - 0.86)	0.81	(0.73 - 0.89)
Mixed	172551	192	   4531702	0.04	0.23	(0.20 - 0.27)	0.77	(0.67 - 0.89)	0.72	(0.62 - 0.83)	0.77	(0.65 - 0.91)	0.77	(0.64 - 0.92)
Other	324730	337	   8528791	0.04	0.22	(0.20 - 0.25)	0.67	(0.60 - 0.74)	0.64	(0.58 - 0.71)	0.76	(0.67 - 0.86)	0.74	(0.65 - 0.85)
onsdeath
White	11030673	67525	 288983863	0.23	1.00		1.00		1.00		1.00		1.00
South Asian	1034337	2556	  27151760	0.09	0.43	(0.41 - 0.45)	0.95	(0.91 - 0.99)	0.86	(0.82 - 0.89)	0.89	(0.85 - 0.94)	0.93	(0.89 - 0.98)
Black	344889	976	   9051561	0.11	0.50	(0.47 - 0.53)	1.04	(0.98 - 1.11)	0.91	(0.85 - 0.97)	0.90	(0.84 - 0.97)	0.93	(0.86 - 1.01)
Mixed	172551	269	   4531702	0.06	0.27	(0.24 - 0.31)	0.89	(0.79 - 1.01)	0.83	(0.74 - 0.94)	0.90	(0.78 - 1.03)	0.90	(0.77 - 1.05)
Other	324730	474	   8528791	0.06	0.26	(0.24 - 0.28)	0.77	(0.70 - 0.85)	0.74	(0.67 - 0.81)	0.86	(0.78 - 0.95)	0.84	(0.75 - 0.95)
cpnsdeath
White	11030673	6000	 288982656	0.02	1.00		1.00		1.00		1.00		1.00
South Asian	1034337	598	  27151650	0.02	0.91	(0.83 - 0.99)	1.92	(1.76 - 2.10)	1.69	(1.54 - 1.84)	1.53	(1.39 - 1.70)	1.57	(1.40 - 1.76)
Black	344889	225	   9051492	0.02	0.99	(0.87 - 1.14)	1.99	(1.73 - 2.28)	1.68	(1.46 - 1.93)	1.49	(1.27 - 1.74)	1.51	(1.28 - 1.79)
Mixed	172551	53	   4531660	0.01	0.51	(0.39 - 0.67)	1.61	(1.22 - 2.11)	1.46	(1.12 - 1.92)	1.43	(1.05 - 1.94)	1.45	(1.05 - 2.01)
Other	324730	97	   8528731	0.01	0.51	(0.42 - 0.62)	1.44	(1.17 - 1.76)	1.35	(1.10 - 1.66)	1.52	(1.21 - 1.90)	1.44	(1.12 - 1.84)
