Table 1: Demographic and Clinical Characteristics
	Total	White	South Asian	Black	Mixed	Other	Unknown

1	 1.75e+07 (100.0)	 1.10e+07 (100.0)	  1034337 (100.0)	  344,889 (100.0)	  172,551 (100.0)	  324,730 (100.0)	  4602822 (100.0)	

Age (years)
Mean (SD)	49.7 (18.7)	51.3 (18.3)	42.9 (15.4)	43.8 (15.5)	40.0 (14.9)	40.2 (15.0)	48.9 (20.1)	
Median (IQR)	49.0 (34.0-64.0)	51.0 (36.0-65.0)	40.0 (32.0-52.0)	43.0 (32.0-54.0)	38.0 (28.0-49.0)	38.0 (28.0-49.0)	49.0 (31.0-64.0)	

Grouped age
1	  3001138 (17.1)	  1536682 (13.9)	  200,040 (19.3)	   69,123 (20.0)	   48,487 (28.1)	   90,465 (27.9)	  1056341 (22.9)	
2	  3014796 (17.2)	  1852949 (16.8)	  290,043 (28.0)	   75,542 (21.9)	   45,838 (26.6)	   86,761 (26.7)	  663,663 (14.4)	
3	  2888663 (16.5)	  1819955 (16.5)	  243,798 (23.6)	   82,629 (24.0)	   35,279 (20.4)	   68,923 (21.2)	  638,079 (13.9)	
4	  3084610 (17.6)	  2039259 (18.5)	  137,360 (13.3)	   67,347 (19.5)	   24,445 (14.2)	   40,021 (12.3)	  776,178 (16.9)	
5	  2418647 (13.8)	  1659022 (15.0)	   93,873 (9.1)	   28,213 (8.2)	   10,989 (6.4)	   22,592 (7.0)	  603,958 (13.1)	
6	  1959352 (11.2)	  1387488 (12.6)	   44,692 (4.3)	   12,630 (3.7)	    4,988 (2.9)	   10,918 (3.4)	  498,636 (10.8)	
7	  1142796 (6.5)	  735,318 (6.7)	   24,531 (2.4)	    9,405 (2.7)	    2,525 (1.5)	    5,050 (1.6)	  365,967 (8.0)	

Male
0	  8772594 (50.1)	  5743815 (52.1)	  495,421 (47.9)	  172,032 (49.9)	   88,825 (51.5)	  160,107 (49.3)	  2112394 (45.9)	
1	  8737408 (49.9)	  5286858 (47.9)	  538,916 (52.1)	  172,857 (50.1)	   83,726 (48.5)	  164,623 (50.7)	  2490428 (54.1)	

Number of GP consultations in the 12 months prior to baseline
Mean (SD)	5.9 (8.5)	6.4 (9.0)	6.0 (8.6)	5.4 (8.2)	5.2 (8.5)	3.8 (7.1)	4.8 (7.1)	
Median (IQR)	3.0 (1.0-8.0)	4.0 (1.0-8.0)	3.0 (0.0-8.0)	3.0 (0.0-8.0)	2.0 (0.0-7.0)	1.0 (0.0-5.0)	2.0 (0.0-7.0)	

Index of Multiple Deprivation (IMD)
1	  3509990 (20.0)	  2305152 (20.9)	   87,863 (8.5)	   22,745 (6.6)	   22,279 (12.9)	   43,265 (13.3)	  1028686 (22.3)	
2	  3497116 (20.0)	  2302905 (20.9)	  114,605 (11.1)	   34,704 (10.1)	   27,299 (15.8)	   54,708 (16.8)	  962,895 (20.9)	
3	  3504303 (20.0)	  2232432 (20.2)	  189,614 (18.3)	   54,912 (15.9)	   32,312 (18.7)	   60,967 (18.8)	  934,066 (20.3)	
4	  3498950 (20.0)	  2125097 (19.3)	  295,459 (28.6)	   91,100 (26.4)	   40,601 (23.5)	   79,740 (24.6)	  866,953 (18.8)	
5	  3356297 (19.2)	  1967758 (17.8)	  338,398 (32.7)	  138,024 (40.0)	   48,226 (27.9)	   82,499 (25.4)	  781,392 (17.0)	

# people in household
Mean (SD)	4.4 (45.0)	4.2 (47.3)	6.3 (44.4)	4.7 (31.9)	7.7 (62.5)	15.8 (105.9)	3.4 (29.6)	
Median (IQR)	2.0 (1.0-4.0)	2.0 (1.0-3.0)	4.0 (2.0-6.0)	3.0 (1.0-5.0)	3.0 (1.0-4.0)	3.0 (1.0-5.0)	2.0 (1.0-4.0)	

Number of people in household
1	  7615418 (43.5)	  5227670 (47.4)	  212,631 (20.6)	  119,610 (34.7)	   63,322 (36.7)	  120,573 (37.1)	  1871612 (40.7)	
2	  6225759 (35.6)	  3801954 (34.5)	  435,356 (42.1)	  137,222 (39.8)	   70,388 (40.8)	  118,893 (36.6)	  1661946 (36.1)	
3	  1003765 (5.7)	  451,224 (4.1)	  221,997 (21.5)	   50,940 (14.8)	   18,261 (10.6)	   40,019 (12.3)	  221,324 (4.8)	
4	   91,861 (0.5)	   36,469 (0.3)	   28,233 (2.7)	    4,291 (1.2)	    1,618 (0.9)	    5,253 (1.6)	   15,997 (0.3)	
.	        0 (0.0)	        0 (0.0)	        0 (0.0)	        0 (0.0)	        0 (0.0)	        0 (0.0)	        0 (0.0)	

Care home y/n
0	 1.74e+07 (99.6)	 1.10e+07 (99.5)	  1033717 (99.9)	  344,316 (99.8)	  172,318 (99.9)	  324,338 (99.9)	  4581826 (99.5)	
1	   78,354 (0.4)	   55,540 (0.5)	      620 (0.1)	      573 (0.2)	      233 (0.1)	      392 (0.1)	   20,996 (0.5)	
.	        0 (0.0)	        0 (0.0)	        0 (0.0)	        0 (0.0)	        0 (0.0)	        0 (0.0)	        0 (0.0)	

Household status is a prison
0	 1.75e+07 (100.0)	 1.10e+07 (100.0)	  1034205 (100.0)	  344,787 (100.0)	  172,492 (100.0)	  324,700 (100.0)	  4602278 (100.0)	
1	    2,485 (0.0)	    1,618 (0.0)	      132 (0.0)	      102 (0.0)	       59 (0.0)	       30 (0.0)	      544 (0.0)	
.	        0 (0.0)	        0 (0.0)	        0 (0.0)	        0 (0.0)	        0 (0.0)	        0 (0.0)	        0 (0.0)	

Smoking status (missing set to non)
1	  8766455 (50.1)	  4955311 (44.9)	  757,834 (73.3)	  235,819 (68.4)	   97,600 (56.6)	  211,150 (65.0)	  2508741 (54.5)	
2	  5766938 (32.9)	  4099862 (37.2)	  160,578 (15.5)	   64,038 (18.6)	   40,331 (23.4)	   59,522 (18.3)	  1342607 (29.2)	
3	  2976609 (17.0)	  1975500 (17.9)	  115,925 (11.2)	   45,032 (13.1)	   34,620 (20.1)	   54,058 (16.6)	  751,474 (16.3)	

Body Mass Index (BMI, kg/m2)
Mean (SD)	27.4 (5.7)	27.4 (5.7)	26.5 (5.1)	28.0 (5.7)	26.8 (5.7)	25.2 (5.1)	27.7 (5.9)	
Median (IQR)	26.6 (23.4-30.5)	26.6 (23.4-30.5)	26.0 (23.0-29.4)	27.3 (24.0-31.2)	25.8 (22.7-29.8)	24.4 (21.5-28.0)	26.9 (23.4-31.0)	

Obesity with SA categories
1	 1.36e+07 (77.6)	  8417674 (76.3)	  718,612 (69.5)	  257,289 (74.6)	  139,556 (80.9)	  285,224 (87.8)	  3767264 (81.8)	
2	  2485933 (14.2)	  1652765 (15.0)	  214,698 (20.8)	   55,576 (16.1)	   20,940 (12.1)	   27,495 (8.5)	  514,459 (11.2)	
3	  959,549 (5.5)	  638,581 (5.8)	   72,004 (7.0)	   21,634 (6.3)	    7,932 (4.6)	    8,471 (2.6)	  210,927 (4.6)	
4	  478,901 (2.7)	  321,653 (2.9)	   29,023 (2.8)	   10,390 (3.0)	    4,123 (2.4)	    3,540 (1.1)	  110,172 (2.4)	

HbA1c %
Mean (SD)	5.9 (1.0)	5.8 (1.0)	6.1 (1.2)	6.0 (1.2)	5.9 (1.1)	5.8 (1.0)	5.9 (1.0)	
Median (IQR)	5.6 (5.4-6.0)	5.6 (5.4-6.0)	5.8 (5.4-6.3)	5.7 (5.4-6.2)	5.6 (5.4-6.0)	5.6 (5.4-6.0)	5.6 (5.4-6.1)	

HbA1c mmo/mol
Mean (SD)	41.0 (93.6)	40.4 (63.1)	44.3 (217.3)	42.7 (138.1)	40.5 (12.0)	40.2 (10.7)	41.4 (105.0)	
Median (IQR)	38.0 (35.0-42.0)	38.0 (35.0-42.0)	40.0 (36.0-45.0)	39.0 (36.0-44.0)	38.0 (35.0-42.0)	38.0 (35.0-42.0)	38.0 (35.0-43.0)	

Diabetes Type
0	 1.58e+07 (90.1)	  9982653 (90.5)	  842,162 (81.4)	  295,688 (85.7)	  157,783 (91.4)	  298,835 (92.0)	  4199919 (91.2)	
1	   89,637 (0.5)	   60,938 (0.6)	    2,535 (0.2)	    1,379 (0.4)	      647 (0.4)	      648 (0.2)	   23,490 (0.5)	
2	  1255998 (7.2)	  762,476 (6.9)	  136,729 (13.2)	   31,977 (9.3)	    9,744 (5.6)	   15,711 (4.8)	  299,361 (6.5)	
3	  387,327 (2.2)	  224,606 (2.0)	   52,911 (5.1)	   15,845 (4.6)	    4,377 (2.5)	    9,536 (2.9)	   80,052 (1.7)	

Diabetes type (Exeter definition)
0	 1.62e+07 (92.4)	 1.02e+07 (92.6)	  896,851 (86.7)	  311,972 (90.5)	  162,314 (94.1)	  308,669 (95.1)	  4284183 (93.1)	
1	   78,125 (0.4)	   53,160 (0.5)	    2,211 (0.2)	    1,068 (0.3)	      559 (0.3)	      535 (0.2)	   20,592 (0.4)	
2	  1254099 (7.2)	  763,724 (6.9)	  135,275 (13.1)	   31,849 (9.2)	    9,678 (5.6)	   15,526 (4.8)	  298,047 (6.5)	

Systolic BP
Mean (SD)	87.4 (122.8)	92.9 (146.4)	81.0 (60.9)	83.5 (61.7)	74.8 (61.8)	61.6 (62.2)	78.1 (64.9)	
Median (IQR)	119.0 (0.0-133.0)	120.0 (0.0-134.0)	112.0 (0.0-128.0)	116.0 (0.0-131.0)	110.0 (0.0-127.0)	90.0 (0.0-122.0)	114.0 (0.0-132.0)	

Diastolic BP
Mean (SD)	52.3 (36.8)	55.5 (35.6)	50.0 (37.2)	51.2 (38.0)	46.2 (38.3)	38.1 (38.5)	46.4 (38.3)	
Median (IQR)	70.0 (0.0-80.0)	71.0 (0.0-80.0)	70.0 (0.0-80.0)	70.0 (0.0-80.0)	68.0 (0.0-79.0)	50.0 (0.0-76.0)	68.0 (0.0-80.0)	

Mean Arterial Pressure
Mean (SD)	64.0 (57.0)	68.0 (62.0)	60.3 (44.8)	62.0 (45.7)	55.7 (45.9)	45.9 (46.3)	57.0 (46.8)	
Median (IQR)	87.3 (0.0-97.0)	89.3 (0.0-97.7)	85.0 (0.0-95.0)	86.7 (0.0-97.0)	82.7 (0.0-94.3)	66.7 (0.0-91.3)	84.7 (0.0-96.3)	



Count of co-morbid conditions
Mean (SD)	0.6 (0.9)	0.7 (0.9)	0.4 (0.8)	0.5 (0.8)	0.4 (0.7)	0.3 (0.6)	0.6 (0.9)	
Median (IQR)	0.0 (0.0-1.0)	0.0 (0.0-1.0)	0.0 (0.0-1.0)	0.0 (0.0-1.0)	0.0 (0.0-1.0)	0.0 (0.0-0.0)	0.0 (0.0-1.0)	

Diagnosed hypertension	  3771907 (21.5)	  2486135 (22.5)	  174,486 (16.9)	   70,336 (20.4)	   20,988 (12.2)	   32,092 (9.9)	  987,870 (21.5)	

Chronic Cardiac Diseases	  1221867 (7.0)	  824,354 (7.5)	   54,294 (5.2)	   11,263 (3.3)	    4,809 (2.8)	    8,276 (2.5)	  318,871 (6.9)	

Stroke	  387,570 (2.2)	  263,356 (2.4)	   12,608 (1.2)	    4,503 (1.3)	    1,546 (0.9)	    2,247 (0.7)	  103,310 (2.2)	

CKD defined by egfr<60	  1012710 (5.8)	  671,416 (6.1)	   28,237 (2.7)	   15,248 (4.4)	    3,854 (2.2)	    4,896 (1.5)	  289,059 (6.3)	

end stage renal failure	   25,683 (0.1)	   14,845 (0.1)	    2,426 (0.2)	      888 (0.3)	      220 (0.1)	      358 (0.1)	    6,946 (0.2)	

Cancer	  996,767 (5.7)	  697,365 (6.3)	   20,020 (1.9)	    9,350 (2.7)	    3,767 (2.2)	    6,707 (2.1)	  259,558 (5.6)	

Autoimmune disease	  902,117 (5.2)	  624,153 (5.7)	   37,648 (3.6)	    6,984 (2.0)	    5,054 (2.9)	    7,579 (2.3)	  220,699 (4.8)	

Immunosuppressed (perm or temp)	   94,278 (0.5)	   54,889 (0.5)	    4,640 (0.4)	   10,197 (3.0)	    2,150 (1.2)	    1,444 (0.4)	   20,958 (0.5)	

Chronic liver disease	  106,442 (0.6)	   71,096 (0.6)	    5,719 (0.6)	    3,081 (0.9)	      906 (0.5)	    2,469 (0.8)	   23,171 (0.5)	

Dementia	   45,333 (0.3)	   30,866 (0.3)	    1,263 (0.1)	      601 (0.2)	      127 (0.1)	      236 (0.1)	   12,240 (0.3)	

Neurological disease	  177,475 (1.0)	  122,133 (1.1)	    5,887 (0.6)	    2,011 (0.6)	      927 (0.5)	    1,202 (0.4)	   45,315 (1.0)	

Asthma category	  2696981 (15.4)	  1815748 (16.5)	  126,693 (12.2)	   37,728 (10.9)	   26,106 (15.1)	   22,662 (7.0)	  668,044 (14.5)	

Chronic Respiratory Diseases	  732,121 (4.2)	  537,841 (4.9)	   17,582 (1.7)	    5,076 (1.5)	    2,318 (1.3)	    3,582 (1.1)	  165,722 (3.6)	

BP med in last 12 months	   32,165 (0.2)	   19,426 (0.2)	    2,327 (0.2)	    1,132 (0.3)	      294 (0.2)	      453 (0.1)	    8,533 (0.2)	

Statin in last 12 months	  2949388 (16.8)	  1975588 (17.9)	  171,189 (16.6)	   34,609 (10.0)	   12,850 (7.4)	   24,203 (7.5)	  730,949 (15.9)	

Insulin in last 12 months	  261,222 (1.5)	  168,120 (1.5)	   19,230 (1.9)	    5,818 (1.7)	    1,935 (1.1)	    2,353 (0.7)	   63,766 (1.4)	

