Table 0: Outcome counts by ethnic group
	Total	British or Mixed British	Irish	Other White	White + Black Caribbean	White + Black African	White + Asian	Other mixed	Indian or British Indian	Pakistani or British Pakistani	Bangladeshi or British Bangladeshi	Other Asian	Caribbean	African	Unknown			
Whole study population- no exclusions
N	 2.18e+07 (100.0)	 1.14e+07 (100.0)	   85,236 (100.0)	  1607014 (100.0)	  526,741 (100.0)	  415,402 (100.0)	   96,891 (100.0)	  277,749 (100.0)	   94,786 (100.0)	  251,578 (100.0)	   93,563 (100.0)	  117,467 (100.0)	  267,457 (100.0)	  274,993 (100.0)	  6204258 (100.0)	

tested	  1700196 (7.8)	  974,439 (8.5)	    8,122 (9.5)	  101,119 (6.3)	   54,618 (10.4)	   32,037 (7.7)	    5,538 (5.7)	   21,695 (7.8)	    7,675 (8.1)	   19,197 (7.6)	    6,508 (7.0)	    3,862 (3.3)	   18,434 (6.9)	   17,751 (6.5)	  429,201 (6.9)	
positivetest	   85,542 (0.4)	   43,111 (0.4)	      412 (0.5)	    5,416 (0.3)	    4,846 (0.9)	    4,538 (1.1)	      464 (0.5)	    2,022 (0.7)	      596 (0.6)	    1,579 (0.6)	      411 (0.4)	      153 (0.1)	    1,004 (0.4)	    1,214 (0.4)	   19,776 (0.3)	
ae	  1742072 (8.0)	  989,843 (8.7)	    7,607 (8.9)	   97,560 (6.1)	   29,654 (5.6)	   28,580 (6.9)	    5,913 (6.1)	   16,116 (5.8)	    8,088 (8.5)	   16,231 (6.5)	    6,529 (7.0)	    2,606 (2.2)	   19,214 (7.2)	   17,052 (6.2)	  497,079 (8.0)	
icu	    3,119 (0.0)	    [REDACTED]
onscoviddeath	   15,632 (0.1)	    9,685 (0.1)	      127 (0.1)	      560 (0.0)	      357 (0.1)	      215 (0.1)	       49 (0.1)	      151 (0.1)	      164 (0.2)	      100 (0.0)	       41 (0.0)	       28 (0.0)	       77 (0.0)	      109 (0.0)	    3,969 (0.1)	
ons_noncoviddeath	   85,000 (0.4)	   53,730 (0.5)	      554 (0.6)	    2,919 (0.2)	      896 (0.2)	      542 (0.1)	       94 (0.1)	      273 (0.1)	      390 (0.4)	      176 (0.1)	      111 (0.1)	       66 (0.1)	      192 (0.1)	      274 (0.1)	   24,783 (0.4)	
onsdeath	  100,632 (0.5)	   63,415 (0.6)	      681 (0.8)	    3,479 (0.2)	    1,253 (0.2)	      757 (0.2)	      143 (0.1)	      424 (0.2)	      554 (0.6)	      276 (0.1)	      152 (0.2)	       94 (0.1)	      269 (0.1)	      383 (0.1)	   28,752 (0.5)	
cpnsdeath	    9,777 (0.0)	    5,799 (0.1)	       86 (0.1)	      378 (0.0)	      282 (0.1)	      182 (0.0)	       36 (0.0)	      128 (0.0)	      115 (0.1)	       84 (0.0)	       36 (0.0)	       18 (0.0)	       54 (0.0)	       81 (0.0)	    2,498 (0.0)	
any_resp_support_flag	    3,022 (0.0)	    [REDACTED]
basic_resp_support_flag	    2,184 (0.0)	    [REDACTED]
advanced_resp_support_flag	    2,104 (0.0)	      [REDACTED]
Adults aged 18-105 with valid sex
N	 1.75e+07 (100.0)	  9598922 (100.0)	   79,374 (100.0)	  1352377 (100.0)	  436,692 (100.0)	  302,940 (100.0)	   70,396 (100.0)	  224,309 (100.0)	   83,419 (100.0)	  192,521 (100.0)	   68,949 (100.0)	  105,447 (100.0)	  172,551 (100.0)	  219,283 (100.0)	  4602822 (100.0)	

tested	  1552521 (8.9)	  911,140 (9.5)	    7,929 (10.0)	   93,913 (6.9)	   50,068 (11.5)	   28,586 (9.4)	    4,951 (7.0)	   20,168 (9.0)	    7,442 (8.9)	   17,928 (9.3)	    5,879 (8.5)	    3,663 (3.5)	   15,184 (8.8)	   16,154 (7.4)	  369,516 (8.0)	
positivetest	   82,473 (0.5)	   42,328 (0.4)	      412 (0.5)	    5,237 (0.4)	    4,539 (1.0)	    4,088 (1.3)	      426 (0.6)	    1,956 (0.9)	      590 (0.7)	    1,518 (0.8)	      393 (0.6)	      151 (0.1)	      928 (0.5)	    1,165 (0.5)	   18,742 (0.4)	
ae	  1422639 (8.1)	  846,183 (8.8)	    7,226 (9.1)	   83,499 (6.2)	   25,338 (5.8)	   22,214 (7.3)	    4,609 (6.5)	   13,487 (6.0)	    7,451 (8.9)	   13,362 (6.9)	    5,297 (7.7)	    2,235 (2.1)	   12,943 (7.5)	   14,034 (6.4)	  364,761 (7.9)	
icu	    3,118 (0.0)	    [REDACTED]
onscoviddeath	   15,627 (0.1)	    9,683 (0.1)	      127 (0.2)	      560 (0.0)	      357 (0.1)	      214 (0.1)	       49 (0.1)	      151 (0.1)	      164 (0.2)	      100 (0.1)	       41 (0.1)	       28 (0.0)	       77 (0.0)	      109 (0.0)	    3,967 (0.1)	
ons_noncoviddeath	   84,872 (0.5)	   53,687 (0.6)	      554 (0.7)	    2,914 (0.2)	      891 (0.2)	      529 (0.2)	       93 (0.1)	      272 (0.1)	      389 (0.5)	      174 (0.1)	      108 (0.2)	       66 (0.1)	      192 (0.1)	      271 (0.1)	   24,732 (0.5)	
onsdeath	  100,499 (0.6)	   63,370 (0.7)	      681 (0.9)	    3,474 (0.3)	    1,248 (0.3)	      743 (0.2)	      142 (0.2)	      423 (0.2)	      553 (0.7)	      274 (0.1)	      149 (0.2)	       94 (0.1)	      269 (0.2)	      380 (0.2)	   28,699 (0.6)	
cpnsdeath	    9,775 (0.1)	    5,799 (0.1)	       86 (0.1)	      378 (0.0)	      282 (0.1)	      181 (0.1)	       36 (0.1)	      128 (0.1)	      115 (0.1)	       84 (0.0)	       36 (0.1)	       18 (0.0)	       54 (0.0)	       81 (0.0)	    2,497 (0.1)	
any_resp_support_flag	    3,021 (0.0)	    [REDACTED]
basic_resp_support_flag	    2,183 (0.0)	    [REDACTED]
advanced_resp_support_flag	    2,104 (0.0)	     [REDACTED]