char	ICU_pop	ventilated0	ventilated1

1	    3,113 (100.0)	    1,011 (100.0)	    2,102 (100.0)	

Age (years)
Mean (SD)	59.5 (12.4)	60.2 (14.0)	59.1 (11.6)	
Median (IQR)	60.0 (52.0-68.0)	60.0 (52.0-71.0)	60.0 (52.0-67.0)	

Male
1	    2,160 (69.4)	      639 (63.2)	    1,521 (72.4)	

Eth 5 categories
1	    1,697 (54.5)	      602 (59.5)	    1,095 (52.1)	
2	      410 (13.2)	      101 (10.0)	      309 (14.7)	
3	      188 (6.0)	       53 (5.2)	      135 (6.4)	
4	       56 (1.8)	       19 (1.9)	       37 (1.8)	
5	       97 (3.1)	       21 (2.1)	       76 (3.6)	
6	      665 (21.4)	      215 (21.3)	      450 (21.4)	

Eth 16 collapsed
1	    1,507 (48.4)	      541 (53.5)	      966 (46.0)	
2	        [REDACTED]	        [REDACTED]	        [REDACTED]	
3	      185 (5.9)	       59 (5.8)	      126 (6.0)	
4	      161 (5.2)	       37 (3.7)	      124 (5.9)	
5	      118 (3.8)	       34 (3.4)	       84 (4.0)	
6	       25 (0.8)	        [REDACTED]      [REDACTED]	
7	      106 (3.4)	       25 (2.5)	       81 (3.9)	
8	       42 (1.3)	       14 (1.4)	       28 (1.3)	
9	      118 (3.8)	       30 (3.0)	       88 (4.2)	
10	       28 (0.9)	        9 (0.9)	       19 (0.9)	
11	       18 (0.6)	        6 (0.6)	       12 (0.6)	
12	       56 (1.8)	       19 (1.9)	       37 (1.8)	
13	       79 (2.5)	       15 (1.5)	       64 (3.0)	
14	      665 (21.4)	      215 (21.3)	      450 (21.4)	

Number of GP consultations in the 12 months prior to baseline
Mean (SD)	9.5 (11.4)	10.6 (12.5)	9.0 (10.8)	
Median (IQR)	7.0 (3.0-13.0)	8.0 (3.0-14.0)	6.0 (3.0-12.0)	

Index of Multiple Deprivation (IMD)
1	      511 (16.4)	      177 (17.5)	      334 (15.9)	
2	      522 (16.8)	      177 (17.5)	      345 (16.4)	
3	      588 (18.9)	      182 (18.0)	      406 (19.3)	
4	      728 (23.4)	      207 (20.5)	      521 (24.8)	
5	      756 (24.3)	      265 (26.2)	      491 (23.4)	

Number of people in household
1	    1,447 (46.5)	      523 (51.7)	      924 (44.0)	
2	    1,012 (32.5)	      288 (28.5)	      724 (34.4)	
3	      222 (7.1)	       54 (5.3)	      168 (8.0)	
4	       25 (0.8)	        6 (0.6)	       19 (0.9)	
.	        0 (0.0)	        0 (0.0)	        0 (0.0)	
.	        0 (0.0)	        0 (0.0)	        0 (0.0)	

Care home y/n
0	    3,104 (99.7)	    1,006 (99.5)	    2,098 (99.8)	
1	        9 (0.3)	       [REDACTED]       [REDACTED]

Body Mass Index (BMI, kg/m2)
Mean (SD)	31.5 (6.1)	31.2 (6.6)	31.6 (5.8)	
Median (IQR)	30.7 (27.1-35.2)	30.4 (26.5-34.8)	30.8 (27.3-35.3)	

HbA1c %
Mean (SD)	6.6 (1.6)	6.6 (1.6)	6.6 (1.6)	
Median (IQR)	6.0 (5.6-7.1)	6.0 (5.6-7.0)	6.0 (5.6-7.1)	

HbA1c mmo/mol
Mean (SD)	48.8 (17.7)	48.3 (17.3)	49.0 (17.8)	
Median (IQR)	42.0 (38.0-54.0)	42.0 (38.0-53.0)	42.0 (38.0-54.0)	

Count of co-morbid conditions
Mean (SD)	1.2 (1.1)	1.4 (1.2)	1.2 (1.1)	
Median (IQR)	1.0 (0.0-2.0)	1.0 (0.0-2.0)	1.0 (0.0-2.0)	

Diabetes Type
0	    2,054 (66.0)	      678 (67.1)	    1,376 (65.5)	
1	       47 (1.5)	       18 (1.8)	       29 (1.4)	
2	      850 (27.3)	      275 (27.2)	      575 (27.4)	
3	      162 (5.2)	       40 (4.0)	      122 (5.8)	

