char	General_Pop	onscoviddeath0	onscoviddeath1

1	 1.75e+07 (100.0)	 1.75e+07 (100.0)	   15,627 (100.0)	

Age (years)
Mean (SD)	49.7 (18.7)	49.7 (18.7)	80.4 (11.6)	
Median (IQR)	49.0 (34.0-64.0)	49.0 (34.0-64.0)	83.0 (74.0-89.0)	

Male
1	  8737408 (49.9)	  8728880 (49.9)	    8,528 (54.6)	

Eth 5 categories
1	 1.10e+07 (63.0)	 1.10e+07 (63.0)	   10,370 (66.4)	
2	  1034337 (5.9)	  1033566 (5.9)	      771 (4.9)	
3	  344,889 (2.0)	  344,584 (2.0)	      305 (2.0)	
4	  172,551 (1.0)	  172,474 (1.0)	       77 (0.5)	
5	  324,730 (1.9)	  324,593 (1.9)	      137 (0.9)	
6	  4602822 (26.3)	  4598855 (26.3)	    3,967 (25.4)	

Eth 16 collapsed
1	  9598922 (54.8)	  9589239 (54.8)	    9,683 (62.0)	
2	   79,374 (0.5)	   79,247 (0.5)	      127 (0.8)	
3	  1352377 (7.7)	  1351817 (7.7)	      560 (3.6)	
4	  436,692 (2.5)	  436,335 (2.5)	      357 (2.3)	
5	  302,940 (1.7)	  302,726 (1.7)	      214 (1.4)	
6	   70,396 (0.4)	   70,347 (0.4)	       49 (0.3)	
7	  224,309 (1.3)	  224,158 (1.3)	      151 (1.0)	
8	   83,419 (0.5)	   83,255 (0.5)	      164 (1.0)	
9	  192,521 (1.1)	  192,421 (1.1)	      100 (0.6)	
10	   68,949 (0.4)	   68,908 (0.4)	       41 (0.3)	
11	  105,447 (0.6)	  105,419 (0.6)	       28 (0.2)	
12	  172,551 (1.0)	  172,474 (1.0)	       77 (0.5)	
13	  219,283 (1.3)	  219,174 (1.3)	      109 (0.7)	
14	  4602822 (26.3)	  4598855 (26.3)	    3,967 (25.4)	

Number of GP consultations in the 12 months prior to baseline
Mean (SD)	5.9 (8.5)	5.9 (8.5)	12.8 (15.2)	
Median (IQR)	3.0 (1.0-8.0)	3.0 (1.0-8.0)	9.0 (3.0-17.0)	

Index of Multiple Deprivation (IMD)
1	  3509990 (20.0)	  3507264 (20.0)	    2,726 (17.4)	
2	  3497116 (20.0)	  3494184 (20.0)	    2,932 (18.8)	
3	  3504303 (20.0)	  3501294 (20.0)	    3,009 (19.3)	
4	  3498950 (20.0)	  3495583 (20.0)	    3,367 (21.5)	
5	  3356297 (19.2)	  3352805 (19.2)	    3,492 (22.3)	

Number of people in household
1	  7615418 (43.5)	  7607306 (43.5)	    8,112 (51.9)	
2	  6225759 (35.6)	  6223960 (35.6)	    1,799 (11.5)	
3	  1003765 (5.7)	  1002978 (5.7)	      787 (5.0)	
4	   91,861 (0.5)	   91,351 (0.5)	      510 (3.3)	
.	        0 (0.0)	        0 (0.0)	        0 (0.0)	
.	        0 (0.0)	        0 (0.0)	        0 (0.0)	

Care home y/n
0	 1.74e+07 (99.6)	 1.74e+07 (99.6)	   11,729 (75.1)	
1	   78,354 (0.4)	   74,456 (0.4)	    3,898 (24.9)	

Body Mass Index (BMI, kg/m2)
Mean (SD)	27.4 (5.7)	27.4 (5.7)	27.2 (6.2)	
Median (IQR)	26.6 (23.4-30.5)	26.6 (23.4-30.5)	26.4 (22.7-30.8)	

HbA1c %
Mean (SD)	5.9 (1.0)	5.9 (1.0)	6.4 (1.3)	
Median (IQR)	5.6 (5.4-6.0)	5.6 (5.4-6.0)	5.9 (5.6-6.6)	

HbA1c mmo/mol
Mean (SD)	41.0 (93.6)	41.0 (93.7)	46.1 (14.6)	
Median (IQR)	38.0 (35.0-42.0)	38.0 (35.0-42.0)	41.0 (38.0-49.0)	

Count of co-morbid conditions
Mean (SD)	0.6 (0.9)	0.6 (0.9)	2.1 (1.3)	
Median (IQR)	0.0 (0.0-1.0)	0.0 (0.0-1.0)	2.0 (1.0-3.0)	

Diabetes Type
0	 1.58e+07 (90.1)	 1.58e+07 (90.1)	   10,033 (64.2)	
1	   89,637 (0.5)	   89,470 (0.5)	      167 (1.1)	
2	  1255998 (7.2)	  1251339 (7.2)	    4,659 (29.8)	
3	  387,327 (2.2)	  386,559 (2.2)	      768 (4.9)	

