Table 2: Risk COVID-19 outcomes excluding care home residents- Complete Case Analysis
	Denominator	Event	Total person-weeks	Rate per 1,000	Crude		Age/Sex Adjusted		Age/Sex/IMD Adjusted		plus co-morbidities		plus hh size/carehome		
					HR	95% CI	HR	95% CI	HR	95% CI	HR	95% CI	HR	95% CI
suspected
White	10932801	437196	 276375991	1.58	1.00		1.00		1.00		1.00		1.00
South Asian	1031690	39770	  26136507	1.52	0.96	(0.95 - 0.97)	1.10	(1.09 - 1.11)	1.04	(1.03 - 1.05)	1.07	(1.06 - 1.08)	1.09	(1.08 - 1.11)
Black	343043	13262	   8683171	1.53	0.97	(0.95 - 0.98)	1.12	(1.10 - 1.14)	1.04	(1.02 - 1.06)	1.09	(1.07 - 1.11)	1.11	(1.09 - 1.13)
Mixed	171530	6024	   4353007	1.38	0.87	(0.85 - 0.90)	1.05	(1.02 - 1.07)	1.01	(0.98 - 1.03)	1.04	(1.01 - 1.07)	1.04	(1.01 - 1.07)
Other	323750	7432	   8265309	0.90	0.57	(0.56 - 0.58)	0.69	(0.68 - 0.71)	0.67	(0.66 - 0.69)	0.79	(0.77 - 0.81)	0.80	(0.78 - 0.82)
confirmed
White	10932687	30265	 281597294	0.11	1.00		1.00		1.00		1.00		1.00
South Asian	1031673	7515	  26577456	0.28	2.63	(2.56 - 2.70)	2.89	(2.81 - 2.98)	2.66	(2.59 - 2.74)	2.50	(2.42 - 2.58)	2.38	(2.30 - 2.47)
Black	343038	1536	   8839735	0.17	1.62	(1.54 - 1.70)	1.91	(1.81 - 2.01)	1.71	(1.62 - 1.80)	1.64	(1.54 - 1.74)	1.62	(1.52 - 1.72)
Mixed	171529	573	   4425524	0.13	1.20	(1.11 - 1.31)	1.55	(1.43 - 1.68)	1.46	(1.34 - 1.59)	1.54	(1.41 - 1.69)	1.52	(1.38 - 1.67)
Other	323748	864	   8355595	0.10	0.96	(0.90 - 1.03)	1.26	(1.17 - 1.34)	1.20	(1.12 - 1.29)	1.34	(1.25 - 1.45)	1.33	(1.23 - 1.44)
tested
White	10932857	656230	 271462729	2.42	1.00		1.00		1.00		1.00		1.00
South Asian	1031695	68764	  25634354	2.68	1.11	(1.10 - 1.12)	1.14	(1.13 - 1.15)	1.12	(1.11 - 1.13)	1.14	(1.13 - 1.15)	1.16	(1.15 - 1.17)
Black	343043	19987	   8519697	2.35	0.97	(0.96 - 0.98)	1.05	(1.03 - 1.06)	1.02	(1.00 - 1.03)	1.06	(1.04 - 1.08)	1.07	(1.05 - 1.08)
Mixed	171530	9688	   4268399	2.27	0.94	(0.92 - 0.96)	1.03	(1.01 - 1.05)	1.02	(1.00 - 1.04)	1.04	(1.02 - 1.07)	1.05	(1.03 - 1.07)
Other	323747	12741	   8091142	1.57	0.65	(0.64 - 0.66)	0.71	(0.70 - 0.72)	0.70	(0.69 - 0.71)	0.77	(0.76 - 0.79)	0.78	(0.77 - 0.80)
positivetest
White	10932871	40961	 275284718	0.15	1.00		1.00		1.00		1.00		1.00
South Asian	1031695	9285	  25972073	0.36	2.40	(2.35 - 2.46)	2.60	(2.54 - 2.66)	2.43	(2.37 - 2.49)	2.26	(2.20 - 2.33)	2.17	(2.10 - 2.24)
Black	343045	2273	   8636106	0.26	1.77	(1.70 - 1.85)	2.08	(1.99 - 2.17)	1.90	(1.82 - 1.99)	1.82	(1.73 - 1.91)	1.80	(1.71 - 1.89)
Mixed	171531	829	   4324511	0.19	1.29	(1.20 - 1.38)	1.61	(1.50 - 1.73)	1.54	(1.44 - 1.65)	1.56	(1.45 - 1.68)	1.56	(1.44 - 1.69)
Other	323753	1209	   8166854	0.15	0.99	(0.94 - 1.05)	1.24	(1.17 - 1.32)	1.20	(1.13 - 1.27)	1.31	(1.22 - 1.39)	1.32	(1.23 - 1.41)
ae
White	10932871	354549	 268497317	1.32	1.00		1.00		1.00		1.00		1.00
South Asian	1031695	26043	  25516455	1.02	0.78	(0.77 - 0.79)	0.92	(0.91 - 0.93)	0.85	(0.84 - 0.86)	0.94	(0.92 - 0.95)	0.94	(0.92 - 0.95)
Black	343045	9815	   8460906	1.16	0.88	(0.86 - 0.90)	1.06	(1.04 - 1.08)	0.95	(0.93 - 0.97)	1.06	(1.03 - 1.08)	1.05	(1.03 - 1.08)
Mixed	171531	4858	   4232493	1.15	0.87	(0.85 - 0.90)	0.99	(0.96 - 1.02)	0.94	(0.91 - 0.97)	1.00	(0.97 - 1.03)	0.99	(0.96 - 1.03)
Other	323753	6218	   8051447	0.77	0.59	(0.57 - 0.60)	0.68	(0.66 - 0.70)	0.65	(0.64 - 0.67)	0.78	(0.76 - 0.80)	0.78	(0.76 - 0.81)
icu
White	10932871	1579	 280365879	0.01	1.00		1.00		1.00		1.00		1.00
South Asian	1031695	378	  26492066	0.01	2.53	(2.27 - 2.84)	3.26	(2.88 - 3.69)	3.02	(2.66 - 3.43)	2.83	(2.45 - 3.27)	2.62	(2.23 - 3.09)
Black	343045	180	   8807287	0.02	3.63	(3.11 - 4.23)	4.09	(3.47 - 4.81)	3.66	(3.10 - 4.32)	3.40	(2.83 - 4.08)	3.20	(2.63 - 3.89)
Mixed	171531	51	   4406884	0.01	2.06	(1.56 - 2.72)	3.14	(2.37 - 4.16)	2.98	(2.25 - 3.95)	3.09	(2.28 - 4.18)	3.16	(2.30 - 4.34)
Other	323753	91	   8318546	0.01	1.94	(1.57 - 2.40)	2.93	(2.36 - 3.64)	2.82	(2.27 - 3.50)	3.27	(2.55 - 4.18)	3.08	(2.37 - 4.02)
cpnsdeath
White	10932871	5222	 275716809	0.02	1.00		1.00		1.00		1.00		1.00
South Asian	1031695	586	  26054439	0.02	1.19	(1.09 - 1.29)	2.05	(1.87 - 2.25)	1.78	(1.62 - 1.96)	1.75	(1.57 - 1.94)	1.62	(1.44 - 1.83)
Black	343045	207	   8662439	0.02	1.26	(1.10 - 1.45)	2.03	(1.75 - 2.34)	1.69	(1.46 - 1.95)	1.59	(1.36 - 1.87)	1.60	(1.35 - 1.89)
Mixed	171531	49	   4333961	0.01	0.60	(0.45 - 0.79)	1.63	(1.23 - 2.17)	1.48	(1.11 - 1.96)	1.55	(1.14 - 2.10)	1.54	(1.12 - 2.13)
Other	323753	86	   8180856	0.01	0.56	(0.45 - 0.69)	1.39	(1.12 - 1.73)	1.30	(1.05 - 1.61)	1.46	(1.15 - 1.86)	1.38	(1.06 - 1.78)
onsdeath
White	10932871	52272	 271054848	0.19	1.00		1.00		1.00		1.00		1.00
South Asian	1031695	2321	  25613381	0.09	0.47	(0.45 - 0.49)	1.02	(0.98 - 1.07)	0.92	(0.88 - 0.96)	0.99	(0.95 - 1.04)	0.90	(0.85 - 0.95)
Black	343045	825	   8515838	0.10	0.50	(0.47 - 0.54)	1.05	(0.98 - 1.13)	0.90	(0.84 - 0.97)	0.94	(0.87 - 1.02)	0.93	(0.86 - 1.01)
Mixed	171531	233	   4260587	0.05	0.28	(0.25 - 0.32)	0.93	(0.82 - 1.06)	0.86	(0.75 - 0.98)	0.93	(0.81 - 1.07)	0.92	(0.79 - 1.07)
Other	323753	377	   8042326	0.05	0.24	(0.22 - 0.27)	0.74	(0.67 - 0.82)	0.70	(0.63 - 0.78)	0.78	(0.70 - 0.88)	0.74	(0.65 - 0.84)
onscoviddeath
White	10932871	7471	 271054848	0.03	1.00		1.00		1.00		1.00		1.00
South Asian	1031695	721	  25613381	0.03	1.02	(0.95 - 1.10)	1.84	(1.69 - 1.99)	1.62	(1.49 - 1.76)	1.58	(1.44 - 1.74)	1.41	(1.27 - 1.57)
Black	343045	269	   8515838	0.03	1.15	(1.01 - 1.29)	1.92	(1.69 - 2.17)	1.63	(1.43 - 1.85)	1.52	(1.32 - 1.75)	1.54	(1.32 - 1.79)
Mixed	171531	65	   4260587	0.02	0.55	(0.43 - 0.71)	1.59	(1.25 - 2.04)	1.46	(1.14 - 1.87)	1.50	(1.15 - 1.95)	1.46	(1.09 - 1.95)
Other	323753	104	   8042326	0.01	0.47	(0.39 - 0.57)	1.22	(1.00 - 1.49)	1.15	(0.95 - 1.40)	1.22	(0.98 - 1.52)	1.17	(0.91 - 1.49)
onsconfirmeddeath
White	10932871	7073	 271054848	0.03	1.00		1.00		1.00		1.00		1.00
South Asian	1031695	687	  25613381	0.03	1.03	(0.95 - 1.11)	1.85	(1.70 - 2.01)	1.63	(1.49 - 1.77)	1.57	(1.43 - 1.73)	1.39	(1.25 - 1.56)
Black	343045	256	   8515838	0.03	1.15	(1.02 - 1.31)	1.93	(1.70 - 2.20)	1.64	(1.44 - 1.86)	1.52	(1.32 - 1.75)	1.53	(1.31 - 1.79)
Mixed	171531	58	   4260587	0.01	0.52	(0.40 - 0.68)	1.50	(1.16 - 1.95)	1.37	(1.06 - 1.78)	1.40	(1.06 - 1.86)	1.35	(1.00 - 1.84)
Other	323753	100	   8042326	0.01	0.48	(0.39 - 0.58)	1.25	(1.02 - 1.53)	1.18	(0.96 - 1.44)	1.23	(0.98 - 1.54)	1.16	(0.91 - 1.49)
onssuspecteddeath
White	10932871	400	 271054848	0.00	1.00		1.00		1.00		1.00		1.00
South Asian	1031695	34	  25613381	0.00	0.90	(0.63 - 1.28)	1.64	(1.12 - 2.39)	1.50	(1.03 - 2.19)	1.74	(1.14 - 2.68)	1.88	(1.12 - 3.16)
Black	343045	13	   8515838	0.00	1.03	(0.60 - 1.80)	1.66	(0.93 - 2.94)	1.47	(0.83 - 2.63)	1.49	(0.77 - 2.89)	1.67	(0.79 - 3.55)
Mixed	171531	7	   4260587	0.00	1.11	(0.53 - 2.35)	3.22	(1.51 - 6.87)	3.02	(1.41 - 6.45)	3.44	(1.51 - 7.82)	4.22	(1.70 - 10.47)
Other	323753	.	   8042326	  .	0.34	(0.13 - 0.90)	0.78	(0.29 - 2.10)	0.75	(0.28 - 2.02)	1.10	(0.40 - 2.97)	1.23	(0.38 - 3.91)
ons_noncoviddeath
White	10932871	44801	 271054848	0.17	1.00		1.00		1.00		1.00		1.00
South Asian	1031695	1600	  25613381	0.06	0.38	(0.36 - 0.40)	0.86	(0.81 - 0.90)	0.77	(0.73 - 0.81)	0.85	(0.81 - 0.90)	0.77	(0.72 - 0.82)
Black	343045	556	   8515838	0.07	0.40	(0.36 - 0.43)	0.87	(0.80 - 0.94)	0.74	(0.68 - 0.81)	0.80	(0.73 - 0.88)	0.79	(0.72 - 0.87)
Mixed	171531	168	   4260587	0.04	0.24	(0.21 - 0.28)	0.80	(0.69 - 0.93)	0.74	(0.64 - 0.86)	0.81	(0.69 - 0.96)	0.81	(0.68 - 0.97)
Other	323753	273	   8042326	0.03	0.21	(0.18 - 0.23)	0.65	(0.57 - 0.73)	0.61	(0.54 - 0.69)	0.69	(0.61 - 0.79)	0.65	(0.56 - 0.76)
severe
White	10932871	358919	 263971803	1.36	1.00		1.00		1.00		1.00		1.00
South Asian	1031695	26564	  25084366	1.06	0.78	(0.77 - 0.79)	0.93	(0.92 - 0.94)	0.86	(0.85 - 0.87)	0.94	(0.93 - 0.96)	0.94	(0.93 - 0.96)
Black	343045	10026	   8317391	1.21	0.89	(0.87 - 0.91)	1.07	(1.05 - 1.09)	0.96	(0.94 - 0.98)	1.07	(1.04 - 1.09)	1.06	(1.04 - 1.09)
Mixed	171531	4914	   4160882	1.18	0.87	(0.85 - 0.90)	1.00	(0.97 - 1.03)	0.95	(0.92 - 0.97)	1.01	(0.98 - 1.04)	1.00	(0.97 - 1.04)
Other	323753	6312	   7914929	0.80	0.59	(0.58 - 0.60)	0.69	(0.67 - 0.70)	0.66	(0.64 - 0.68)	0.78	(0.76 - 0.81)	0.79	(0.77 - 0.81)
