Table 6: Risk of COVID-19 outcomes amongst those with evidence of infection - Complete Case Analysis
	Denominator	Event	Total person-weeks	Rate per 1,000	Crude		Age/Sex Adjusted		Age/Sex/IMD Adjusted		plus co-morbidities		plus hh size/carehome		
					HR	95% CI	HR	95% CI	HR	95% CI	HR	95% CI	HR	95% CI
ae
White	45144	632	    624544	1.01	1.00		1.00		1.00		1.00		1.00
South Asian	9926	76	    101810	0.75	0.56	(0.44 - 0.71)	1.05	(0.81 - 1.37)	1.07	(0.82 - 1.39)	1.06	(0.79 - 1.43)	1.05	(0.75 - 1.47)
Black	2306	28	     31011	0.90	0.88	(0.60 - 1.29)	1.31	(0.89 - 1.93)	1.37	(0.93 - 2.03)	1.39	(0.92 - 2.12)	1.46	(0.96 - 2.23)
Mixed	908	16	     16483	0.97	1.23	(0.75 - 2.02)	1.98	(1.20 - 3.27)	2.03	(1.23 - 3.36)	2.11	(1.23 - 3.63)	1.52	(0.78 - 2.97)
Other	1304	18	     15331	1.17	0.98	(0.62 - 1.57)	1.39	(0.86 - 2.24)	1.44	(0.89 - 2.32)	1.71	(1.04 - 2.81)	1.52	(0.84 - 2.74)
icu
White	55859	914	    752524	1.21	1.00		1.00		1.00		1.00		1.00
South Asian	11079	215	    118384	1.82	1.18	(1.02 - 1.37)	1.31	(1.11 - 1.54)	1.31	(1.11 - 1.54)	1.37	(1.14 - 1.65)	1.30	(1.05 - 1.60)
Black	2708	99	     36673	2.70	2.23	(1.81 - 2.74)	1.87	(1.50 - 2.32)	1.82	(1.46 - 2.28)	1.79	(1.40 - 2.27)	1.68	(1.30 - 2.18)
Mixed	1017	34	     18110	1.88	2.02	(1.43 - 2.84)	2.00	(1.42 - 2.83)	2.01	(1.42 - 2.84)	2.09	(1.45 - 3.01)	2.17	(1.49 - 3.17)
Other	1499	45	     18301	2.46	1.81	(1.34 - 2.44)	1.65	(1.21 - 2.24)	1.65	(1.21 - 2.24)	1.66	(1.17 - 2.36)	1.46	(0.99 - 2.16)
cpnsdeath
White	56225	5292	    745354	7.10	1.00		1.00		1.00		1.00		1.00
South Asian	11194	520	    117287	4.43	0.50	(0.45 - 0.54)	1.28	(1.16 - 1.41)	1.22	(1.10 - 1.35)	1.29	(1.16 - 1.44)	1.30	(1.14 - 1.48)
Black	2766	198	     37326	5.30	0.74	(0.64 - 0.85)	1.34	(1.16 - 1.56)	1.28	(1.10 - 1.48)	1.21	(1.03 - 1.42)	1.12	(0.94 - 1.34)
Mixed	1033	52	     18180	2.86	0.52	(0.40 - 0.68)	1.32	(1.00 - 1.74)	1.27	(0.97 - 1.68)	1.29	(0.95 - 1.73)	1.23	(0.88 - 1.70)
Other	1539	87	     18526	4.70	0.58	(0.47 - 0.72)	1.26	(1.02 - 1.56)	1.24	(1.00 - 1.54)	1.35	(1.06 - 1.71)	1.41	(1.07 - 1.85)
onsdeath
White	56030	8169	    726170	11.25	1.00		1.00		1.00		1.00		1.00
South Asian	11188	592	    112921	5.24	0.38	(0.35 - 0.41)	1.15	(1.05 - 1.25)	1.10	(1.01 - 1.21)	1.15	(1.04 - 1.27)	1.15	(1.02 - 1.29)
Black	2763	237	     36318	6.53	0.57	(0.50 - 0.65)	1.23	(1.08 - 1.41)	1.18	(1.03 - 1.35)	1.11	(0.96 - 1.29)	1.02	(0.86 - 1.20)
Mixed	1031	58	     17807	3.26	0.37	(0.29 - 0.49)	1.12	(0.87 - 1.46)	1.09	(0.84 - 1.41)	1.06	(0.80 - 1.41)	1.06	(0.77 - 1.45)
Other	1537	101	     17976	5.62	0.43	(0.36 - 0.53)	1.11	(0.91 - 1.35)	1.09	(0.89 - 1.33)	1.09	(0.87 - 1.36)	1.13	(0.86 - 1.48)
onscoviddeath
White	56089	7273	    726170	10.02	1.00		1.00		1.00		1.00		1.00
South Asian	11194	550	    112921	4.87	0.39	(0.36 - 0.43)	1.17	(1.07 - 1.28)	1.13	(1.03 - 1.24)	1.18	(1.06 - 1.31)	1.18	(1.05 - 1.34)
Black	2764	220	     36318	6.06	0.60	(0.52 - 0.68)	1.27	(1.11 - 1.46)	1.23	(1.07 - 1.41)	1.15	(0.99 - 1.34)	1.06	(0.89 - 1.26)
Mixed	1031	54	     17807	3.03	0.39	(0.30 - 0.51)	1.16	(0.89 - 1.52)	1.13	(0.86 - 1.48)	1.11	(0.83 - 1.48)	1.08	(0.78 - 1.50)
Other	1538	91	     17976	5.06	0.44	(0.36 - 0.54)	1.10	(0.89 - 1.36)	1.08	(0.87 - 1.33)	1.08	(0.86 - 1.37)	1.13	(0.85 - 1.51)
onsconfirmeddeath
White	56106	7222	    726170	9.95	1.00		1.00		1.00		1.00		1.00
South Asian	11194	548	    112921	4.85	0.39	(0.36 - 0.43)	1.17	(1.06 - 1.28)	1.13	(1.02 - 1.24)	1.18	(1.06 - 1.31)	1.18	(1.04 - 1.34)
Black	2764	216	     36318	5.95	0.59	(0.51 - 0.68)	1.25	(1.09 - 1.44)	1.21	(1.05 - 1.39)	1.13	(0.97 - 1.32)	1.05	(0.88 - 1.26)
Mixed	1032	54	     17807	3.03	0.40	(0.30 - 0.52)	1.17	(0.89 - 1.53)	1.13	(0.86 - 1.48)	1.11	(0.83 - 1.49)	1.08	(0.78 - 1.50)
Other	1538	91	     17976	5.06	0.44	(0.36 - 0.55)	1.10	(0.90 - 1.36)	1.08	(0.88 - 1.34)	1.09	(0.86 - 1.38)	1.14	(0.85 - 1.51)