Table 2: Association between ethnicity in 16 categories and COVID-19 outcomes - Complete Case Analysis
	Denominator	Event	Total person-weeks	Rate per 1,000	Crude		Age/Sex Adjusted		Age/Sex/IMD Adjusted		plus co-morbidities		plus hh size/carehome		
					HR	95% CI	HR	95% CI	HR	95% CI	HR	95% CI	HR	95% CI
suspected
White	10988236	444756	 277566665	1.60	1.00		1.00		1.00		1.00		1.00
South Asian	1032310	39861	  26150341	1.52	0.95	(0.94 - 0.96)	1.10	(1.09 - 1.11)	1.03	(1.02 - 1.05)	1.06	(1.05 - 1.08)	1.09	(1.08 - 1.11)
Black	343616	13316	   8696124	1.53	0.96	(0.94 - 0.97)	1.12	(1.10 - 1.14)	1.04	(1.02 - 1.06)	1.09	(1.07 - 1.11)	1.11	(1.09 - 1.13)
Mixed	171756	6053	   4358201	1.39	0.87	(0.85 - 0.89)	1.05	(1.02 - 1.07)	1.01	(0.98 - 1.03)	1.04	(1.01 - 1.07)	1.04	(1.01 - 1.07)
Other	324143	7484	   8273966	0.90	0.56	(0.55 - 0.58)	0.69	(0.68 - 0.71)	0.67	(0.66 - 0.69)	0.79	(0.77 - 0.81)	0.80	(0.78 - 0.82)
confirmed
White	10988114	33401	 282835657	0.12	1.00		1.00		1.00		1.00		1.00
South Asian	1032293	7549	  26591902	0.28	2.40	(2.34 - 2.46)	2.79	(2.71 - 2.87)	2.56	(2.49 - 2.64)	2.40	(2.33 - 2.48)	2.38	(2.30 - 2.47)
Black	343611	1557	   8853021	0.18	1.49	(1.42 - 1.57)	1.86	(1.76 - 1.96)	1.66	(1.58 - 1.75)	1.58	(1.49 - 1.68)	1.62	(1.52 - 1.72)
Mixed	171755	580	   4430919	0.13	1.11	(1.02 - 1.20)	1.52	(1.40 - 1.65)	1.43	(1.32 - 1.55)	1.51	(1.38 - 1.65)	1.52	(1.38 - 1.67)
Other	324141	883	   8364531	0.11	0.89	(0.84 - 0.96)	1.24	(1.15 - 1.32)	1.18	(1.11 - 1.27)	1.31	(1.22 - 1.42)	1.33	(1.23 - 1.44)
tested
White	10988294	684193	 272474917	2.51	1.00		1.00		1.00		1.00		1.00
South Asian	1032315	69078	  25646295	2.69	1.07	(1.06 - 1.08)	1.13	(1.12 - 1.14)	1.10	(1.10 - 1.11)	1.12	(1.11 - 1.13)	1.16	(1.15 - 1.17)
Black	343616	20227	   8530942	2.37	0.94	(0.93 - 0.96)	1.05	(1.03 - 1.06)	1.01	(1.00 - 1.03)	1.05	(1.03 - 1.07)	1.07	(1.05 - 1.08)
Mixed	171756	9779	   4272963	2.29	0.91	(0.89 - 0.93)	1.03	(1.01 - 1.05)	1.01	(0.99 - 1.03)	1.04	(1.02 - 1.06)	1.05	(1.03 - 1.07)
Other	324140	12916	   8098583	1.59	0.63	(0.62 - 0.64)	0.71	(0.70 - 0.72)	0.70	(0.69 - 0.71)	0.77	(0.75 - 0.78)	0.78	(0.77 - 0.80)
positivetest
White	10988308	45506	 276488046	0.16	1.00		1.00		1.00		1.00		1.00
South Asian	1032315	9339	  25986119	0.36	2.18	(2.13 - 2.23)	2.50	(2.44 - 2.56)	2.32	(2.27 - 2.38)	2.16	(2.10 - 2.23)	2.17	(2.10 - 2.24)
Black	343618	2320	   8648940	0.27	1.63	(1.56 - 1.70)	2.02	(1.94 - 2.11)	1.84	(1.76 - 1.92)	1.75	(1.67 - 1.84)	1.80	(1.71 - 1.89)
Mixed	171757	841	   4329772	0.19	1.18	(1.10 - 1.26)	1.58	(1.47 - 1.69)	1.50	(1.40 - 1.61)	1.52	(1.41 - 1.64)	1.56	(1.44 - 1.69)
Other	324146	1240	   8175539	0.15	0.92	(0.87 - 0.97)	1.23	(1.16 - 1.30)	1.18	(1.12 - 1.25)	1.28	(1.20 - 1.36)	1.32	(1.23 - 1.41)
ae
White	10988308	360635	 269642862	1.34	1.00		1.00		1.00		1.00		1.00
South Asian	1032315	26097	  25530144	1.02	0.77	(0.76 - 0.78)	0.92	(0.91 - 0.93)	0.85	(0.84 - 0.86)	0.93	(0.92 - 0.95)	0.94	(0.92 - 0.95)
Black	343618	9856	   8473511	1.16	0.87	(0.85 - 0.89)	1.06	(1.04 - 1.08)	0.95	(0.93 - 0.97)	1.05	(1.03 - 1.08)	1.05	(1.03 - 1.08)
Mixed	171757	4886	   4237339	1.15	0.86	(0.84 - 0.89)	0.99	(0.96 - 1.02)	0.94	(0.92 - 0.97)	1.00	(0.97 - 1.03)	0.99	(0.96 - 1.03)
Other	324146	6253	   8059869	0.78	0.58	(0.57 - 0.60)	0.68	(0.66 - 0.70)	0.66	(0.64 - 0.67)	0.78	(0.76 - 0.80)	0.78	(0.76 - 0.81)
icu
White	10988308	1585	 281624046	0.01	1.00		1.00		1.00		1.00		1.00
South Asian	1032315	378	  26506763	0.01	2.53	(2.27 - 2.84)	3.25	(2.87 - 3.68)	3.02	(2.66 - 3.42)	2.83	(2.45 - 3.27)	2.62	(2.23 - 3.09)
Black	343618	180	   8820673	0.02	3.63	(3.11 - 4.23)	4.07	(3.46 - 4.79)	3.64	(3.09 - 4.30)	3.38	(2.82 - 4.06)	3.20	(2.63 - 3.89)
Mixed	171757	51	   4412322	0.01	2.05	(1.55 - 2.72)	3.13	(2.36 - 4.14)	2.97	(2.24 - 3.94)	3.07	(2.26 - 4.16)	3.16	(2.30 - 4.34)
Other	324146	91	   8327608	0.01	1.94	(1.57 - 2.40)	2.92	(2.35 - 3.63)	2.81	(2.26 - 3.49)	3.26	(2.54 - 4.16)	3.08	(2.37 - 4.02)
cpnsdeath
White	10988308	5990	 276955886	0.02	1.00		1.00		1.00		1.00		1.00
South Asian	1032315	601	  26068898	0.02	1.07	(0.98 - 1.16)	1.92	(1.76 - 2.11)	1.67	(1.53 - 1.83)	1.63	(1.47 - 1.80)	1.62	(1.44 - 1.83)
Black	343618	225	   8675617	0.03	1.20	(1.05 - 1.37)	1.99	(1.73 - 2.29)	1.66	(1.45 - 1.91)	1.54	(1.32 - 1.79)	1.60	(1.35 - 1.89)
Mixed	171757	53	   4339313	0.01	0.56	(0.43 - 0.74)	1.60	(1.22 - 2.10)	1.45	(1.10 - 1.90)	1.49	(1.11 - 2.00)	1.54	(1.12 - 2.13)
Other	324146	95	   8189778	0.01	0.54	(0.44 - 0.66)	1.40	(1.14 - 1.72)	1.31	(1.07 - 1.61)	1.48	(1.18 - 1.85)	1.38	(1.06 - 1.78)
onsdeath
White	10988308	63470	 272275090	0.23	1.00		1.00		1.00		1.00		1.00
South Asian	1032315	2404	  25627618	0.09	0.40	(0.39 - 0.42)	0.94	(0.91 - 0.99)	0.85	(0.81 - 0.88)	0.90	(0.86 - 0.94)	0.90	(0.85 - 0.95)
Black	343618	914	   8528809	0.11	0.46	(0.43 - 0.49)	1.03	(0.96 - 1.10)	0.89	(0.83 - 0.95)	0.91	(0.85 - 0.98)	0.93	(0.86 - 1.01)
Mixed	171757	258	   4265853	0.06	0.26	(0.23 - 0.29)	0.91	(0.80 - 1.03)	0.84	(0.75 - 0.95)	0.90	(0.79 - 1.03)	0.92	(0.79 - 1.07)
Other	324146	445	   8051108	0.06	0.24	(0.22 - 0.26)	0.77	(0.70 - 0.84)	0.73	(0.66 - 0.80)	0.80	(0.72 - 0.89)	0.74	(0.65 - 0.84)
onscoviddeath
White	10988308	10255	 272275090	0.04	1.00		1.00		1.00		1.00		1.00
South Asian	1032315	753	  25627618	0.03	0.78	(0.72 - 0.84)	1.56	(1.44 - 1.69)	1.38	(1.27 - 1.49)	1.33	(1.22 - 1.46)	1.41	(1.27 - 1.57)
Black	343618	304	   8528809	0.04	0.95	(0.84 - 1.06)	1.75	(1.56 - 1.97)	1.49	(1.32 - 1.68)	1.36	(1.19 - 1.55)	1.54	(1.32 - 1.79)
Mixed	171757	77	   4265853	0.02	0.48	(0.38 - 0.60)	1.52	(1.21 - 1.91)	1.39	(1.11 - 1.75)	1.39	(1.09 - 1.78)	1.46	(1.09 - 1.95)
Other	324146	134	   8051108	0.02	0.44	(0.37 - 0.52)	1.27	(1.07 - 1.50)	1.19	(1.00 - 1.41)	1.24	(1.02 - 1.50)	1.17	(0.91 - 1.49)
onsconfirmeddeath
White	10988308	9481	 272275090	0.03	1.00		1.00		1.00		1.00		1.00
South Asian	1032315	715	  25627618	0.03	0.80	(0.74 - 0.86)	1.60	(1.47 - 1.73)	1.41	(1.30 - 1.53)	1.36	(1.24 - 1.49)	1.39	(1.25 - 1.56)
Black	343618	287	   8528809	0.03	0.97	(0.86 - 1.09)	1.79	(1.58 - 2.02)	1.52	(1.34 - 1.72)	1.38	(1.20 - 1.58)	1.53	(1.31 - 1.79)
Mixed	171757	68	   4265853	0.02	0.46	(0.36 - 0.58)	1.45	(1.14 - 1.84)	1.33	(1.04 - 1.69)	1.31	(1.01 - 1.71)	1.35	(1.00 - 1.84)
Other	324146	125	   8051108	0.02	0.45	(0.37 - 0.53)	1.29	(1.08 - 1.54)	1.21	(1.01 - 1.44)	1.25	(1.02 - 1.53)	1.16	(0.91 - 1.49)
onssuspecteddeath
White	10988308	776	 272275090	0.00	1.00		1.00		1.00		1.00		1.00
South Asian	1032315	38	  25627618	0.00	0.52	(0.38 - 0.72)	1.09	(0.77 - 1.53)	0.98	(0.70 - 1.38)	0.98	(0.67 - 1.44)	1.88	(1.12 - 3.16)
Black	343618	17	   8528809	0.00	0.70	(0.43 - 1.13)	1.26	(0.77 - 2.08)	1.10	(0.67 - 1.82)	1.09	(0.62 - 1.88)	1.67	(0.79 - 3.55)
Mixed	171757	9	   4265853	0.00	0.74	(0.38 - 1.43)	2.40	(1.24 - 4.67)	2.23	(1.15 - 4.34)	2.47	(1.22 - 5.02)	4.22	(1.70 - 10.47)
Other	324146	9	   8051108	0.00	0.39	(0.20 - 0.76)	1.01	(0.52 - 1.96)	0.96	(0.50 - 1.87)	1.10	(0.54 - 2.23)	1.23	(0.38 - 3.91)
ons_noncoviddeath
White	10988308	53215	 272275090	0.20	1.00		1.00		1.00		1.00		1.00
South Asian	1032315	1651	  25627618	0.06	0.33	(0.31 - 0.35)	0.80	(0.76 - 0.85)	0.72	(0.69 - 0.76)	0.78	(0.74 - 0.83)	0.77	(0.72 - 0.82)
Black	343618	610	   8528809	0.07	0.37	(0.34 - 0.40)	0.86	(0.79 - 0.93)	0.74	(0.68 - 0.80)	0.78	(0.72 - 0.86)	0.79	(0.72 - 0.87)
Mixed	171757	181	   4265853	0.04	0.22	(0.19 - 0.25)	0.78	(0.67 - 0.90)	0.72	(0.62 - 0.84)	0.78	(0.67 - 0.92)	0.81	(0.68 - 0.97)
Other	324146	311	   8051108	0.04	0.20	(0.18 - 0.22)	0.66	(0.59 - 0.74)	0.63	(0.56 - 0.70)	0.70	(0.62 - 0.79)	0.65	(0.56 - 0.76)
severe
White	10988308	367193	 265100032	1.39	1.00		1.00		1.00		1.00		1.00
South Asian	1032315	26642	  25097838	1.06	0.77	(0.76 - 0.78)	0.92	(0.91 - 0.94)	0.85	(0.84 - 0.87)	0.94	(0.92 - 0.95)	0.94	(0.93 - 0.96)
Black	343618	10094	   8329799	1.21	0.88	(0.86 - 0.89)	1.07	(1.05 - 1.09)	0.96	(0.94 - 0.98)	1.06	(1.04 - 1.09)	1.06	(1.04 - 1.09)
Mixed	171757	4951	   4165651	1.19	0.86	(0.84 - 0.88)	1.00	(0.97 - 1.03)	0.95	(0.92 - 0.97)	1.01	(0.98 - 1.04)	1.00	(0.97 - 1.04)
Other	324146	6369	   7923219	0.80	0.58	(0.57 - 0.60)	0.69	(0.67 - 0.71)	0.66	(0.65 - 0.68)	0.78	(0.76 - 0.81)	0.79	(0.77 - 0.81)
