hes
----------------------------------------------------------------------------------------------------------------------------------------------------------------------
                       (1)                           (2)                           (3)                           (4)                           (5)                    
                    hes_30                        hes_30                        hes_30                        hes_30                        hes_30                    
----------------------------------------------------------------------------------------------------------------------------------------------------------------------
hes_30                                                                                                                                                                
White                    1         [1.00,1.00]         1         [1.00,1.00]         1         [1.00,1.00]         1         [1.00,1.00]         1         [1.00,1.00]
South Asian           0.52***      [0.49,0.55]      1.14***      [1.06,1.22]      1.09*        [1.02,1.17]      1.07         [0.99,1.15]      1.14**       [1.05,1.23]
Black                 0.74***      [0.67,0.81]      1.47***      [1.32,1.64]      1.39***      [1.24,1.55]      1.38***      [1.23,1.55]      1.41***      [1.25,1.58]
Mixed                 0.57***      [0.49,0.66]      1.34**       [1.12,1.61]      1.30**       [1.08,1.56]      1.38***      [1.14,1.66]      1.43***      [1.19,1.73]
Other                 0.66***      [0.58,0.74]      1.50***      [1.30,1.74]      1.47***      [1.26,1.70]      1.70***      [1.46,1.98]      1.73***      [1.49,2.02]
Unknown               0.94**       [0.90,0.98]      1.03         [0.98,1.08]      1.03         [0.98,1.08]      1.09***      [1.04,1.15]      1.10***      [1.04,1.16]
Sustainability~o         1         [1.00,1.00]         1         [1.00,1.00]         1         [1.00,1.00]         1         [1.00,1.00]         1         [1.00,1.00]
Sustainability~o      0.45         [0.15,1.41]      0.35         [0.09,1.35]      0.39         [0.10,1.52]      0.43         [0.11,1.71]      0.49         [0.12,1.99]
Sustainability~o      0.41         [0.13,1.28]      0.29         [0.07,1.13]      0.34         [0.09,1.32]      0.40         [0.10,1.57]      0.45         [0.11,1.81]
Sustainability~o      0.41         [0.13,1.30]      0.29         [0.07,1.14]      0.33         [0.08,1.29]      0.39         [0.10,1.57]      0.43         [0.11,1.75]
Sustainability~o      0.40         [0.13,1.26]      0.29         [0.07,1.13]      0.34         [0.09,1.36]      0.40         [0.10,1.62]      0.46         [0.11,1.89]
Sustainability~o      0.38         [0.12,1.19]      0.31         [0.08,1.19]      0.34         [0.09,1.34]      0.40         [0.10,1.57]      0.45         [0.11,1.80]
Sustainability~o      0.48         [0.15,1.54]      0.35         [0.09,1.41]      0.40         [0.10,1.62]      0.47         [0.12,1.91]      0.53         [0.13,2.18]
Sustainability~o      0.71         [0.23,2.23]      0.49         [0.13,1.92]      0.57         [0.15,2.24]      0.64         [0.16,2.55]      0.72         [0.18,2.90]
Sustainability~o      0.48         [0.15,1.50]      0.36         [0.09,1.42]      0.43         [0.11,1.69]      0.49         [0.12,1.94]      0.55         [0.14,2.21]
Sustainability~o      0.61         [0.20,1.91]      0.41         [0.10,1.60]      0.47         [0.12,1.86]      0.54         [0.14,2.13]      0.61         [0.15,2.44]
Sustainability~o      0.47         [0.15,1.48]      0.35         [0.09,1.35]      0.41         [0.11,1.61]      0.47         [0.12,1.87]      0.54         [0.13,2.15]
Sustainability~o      1.02         [0.33,3.18]      0.60         [0.15,2.34]      0.63         [0.16,2.50]      0.72         [0.18,2.84]      0.80         [0.20,3.22]
Sustainability~o      1.13         [0.36,3.54]      0.72         [0.18,2.82]      0.81         [0.21,3.18]      0.94         [0.24,3.71]      1.06         [0.26,4.29]
Sustainability~o      0.82         [0.26,2.55]      0.54         [0.14,2.10]      0.64         [0.16,2.50]      0.68         [0.17,2.71]      0.75         [0.19,3.03]
Sustainability~o      0.53         [0.17,1.64]      0.42         [0.11,1.63]      0.49         [0.13,1.93]      0.55         [0.14,2.19]      0.65         [0.16,2.61]
Sustainability~o      0.48         [0.15,1.49]      0.30         [0.08,1.19]      0.35         [0.09,1.38]      0.40         [0.10,1.58]      0.46         [0.11,1.86]
Sustainability~o      0.53         [0.17,1.65]      0.35         [0.09,1.35]      0.41         [0.10,1.61]      0.47         [0.12,1.87]      0.53         [0.13,2.14]
Sustainability~o      0.72         [0.23,2.24]      0.54         [0.14,2.10]      0.65         [0.17,2.54]      0.71         [0.18,2.83]      0.80         [0.20,3.24]
Sustainability~o      0.75         [0.24,2.34]      0.45         [0.11,1.75]      0.55         [0.14,2.16]      0.63         [0.16,2.49]      0.72         [0.18,2.91]
Sustainability~o      0.80         [0.26,2.49]      0.44         [0.11,1.73]      0.53         [0.14,2.09]      0.62         [0.16,2.43]      0.68         [0.17,2.75]
Sustainability~o      1.28         [0.41,4.00]      0.65         [0.17,2.55]      0.76         [0.19,2.99]      0.83         [0.21,3.29]      0.95         [0.24,3.81]
Sustainability~o      0.98         [0.31,3.14]      0.59         [0.15,2.35]      0.69         [0.17,2.79]      0.78         [0.19,3.18]      0.85         [0.21,3.54]
Sustainability~o      0.53         [0.17,1.66]      0.29         [0.07,1.13]      0.35         [0.09,1.39]      0.39         [0.10,1.56]      0.44         [0.11,1.76]
Sustainability~o      0.72         [0.22,2.37]      0.33         [0.08,1.38]      0.42         [0.10,1.77]      0.50         [0.12,2.09]      0.55         [0.13,2.34]
Sustainability~o      0.49         [0.15,1.58]      0.26         [0.07,1.06]      0.31         [0.08,1.24]      0.39         [0.10,1.60]      0.43         [0.10,1.78]
Sustainability~o      0.49         [0.16,1.55]      0.37         [0.09,1.47]      0.45         [0.11,1.77]      0.52         [0.13,2.08]      0.59         [0.14,2.38]
Sustainability~o      0.55         [0.18,1.73]      0.35         [0.09,1.37]      0.43         [0.11,1.69]      0.50         [0.12,1.97]      0.56         [0.14,2.26]
Sustainability~o      0.65         [0.21,2.02]      0.46         [0.12,1.79]      0.55         [0.14,2.17]      0.66         [0.17,2.63]      0.74         [0.18,3.00]
Sustainability~o      0.62         [0.20,1.94]      0.42         [0.11,1.65]      0.49         [0.12,1.92]      0.56         [0.14,2.24]      0.63         [0.16,2.56]
Sustainability~o      0.84         [0.27,2.64]      0.54         [0.14,2.12]      0.67         [0.17,2.63]      0.75         [0.19,3.00]      0.84         [0.21,3.40]
Sustainability~o      0.80         [0.22,2.90]      0.49         [0.11,2.26]      0.62         [0.13,2.87]      0.60         [0.13,2.82]      0.65         [0.14,3.13]
Sustainability~o      0.36         [0.12,1.13]      0.26         [0.07,1.00]      0.29         [0.07,1.13]      0.33         [0.08,1.32]      0.39         [0.10,1.57]
Female                                                 1         [1.00,1.00]         1         [1.00,1.00]         1         [1.00,1.00]         1         [1.00,1.00]
Male                                                2.09***      [2.01,2.17]      2.10***      [2.02,2.18]      2.10***      [2.01,2.19]      2.10***      [2.01,2.19]
Age spline 1                                        1.00         [0.99,1.01]      1.00         [0.99,1.01]      1.00         [1.00,1.01]      1.01*        [1.00,1.02]
Age spline 2                                        1.27***      [1.24,1.30]      1.26***      [1.23,1.29]      1.17***      [1.14,1.20]      1.14***      [1.12,1.17]
Age spline 3                                        0.53***      [0.50,0.57]      0.54***      [0.51,0.57]      0.66***      [0.62,0.70]      0.70***      [0.66,0.75]
1 least deprived                                                                     1         [1.00,1.00]         1         [1.00,1.00]         1         [1.00,1.00]
2                                                                                 1.06         [0.99,1.13]      1.01         [0.94,1.08]      1.01         [0.94,1.08]
3                                                                                 1.15***      [1.08,1.23]      1.06         [0.99,1.13]      1.07         [0.99,1.14]
4                                                                                 1.21***      [1.13,1.29]      1.06         [0.99,1.14]      1.08*        [1.00,1.15]
5 most deprived                                                                   1.38***      [1.29,1.47]      1.15***      [1.07,1.23]      1.16***      [1.08,1.24]
Underweig..5)                                                                                                      1         [1.00,1.00]         1         [1.00,1.00]
Normal (18.5-~9)                                                                                                0.85*        [0.72,0.99]      0.80**       [0.68,0.94]
Overweigh..9 ~4)                                                                                                0.99         [0.84,1.16]      0.93         [0.79,1.09]
Obese I (..9 ~4)                                                                                                1.21*        [1.03,1.43]      1.15         [0.98,1.35]
Obese II ..9 ~4)                                                                                                1.52***      [1.28,1.79]      1.44***      [1.21,1.70]
Obese III..5+)                                                                                                  2.02***      [1.69,2.42]      1.92***      [1.60,2.29]
Unknown                                                                                                         1.15         [0.97,1.35]      1.09         [0.92,1.29]
<6.5%                                                                                                              1         [1.00,1.00]         1         [1.00,1.00]
>=6.5-7.4                                                                                                       1.10         [0.99,1.22]      1.09         [0.98,1.21]
>=7.5-7.9                                                                                                       1.25**       [1.06,1.46]      1.22*        [1.04,1.44]
>=8-8.9                                                                                                         1.26**       [1.08,1.47]      1.26**       [1.08,1.47]
>=9                                                                                                             2.02***      [1.75,2.33]      2.01***      [1.74,2.32]
Unknown                                                                                                         0.96         [0.92,1.02]      0.97         [0.92,1.03]
Number of GP c~h                                                                                                1.02***      [1.01,1.02]      1.02***      [1.01,1.02]
Never                                                                                                              1         [1.00,1.00]         1         [1.00,1.00]
Former                                                                                                          1.07**       [1.02,1.12]      1.06*        [1.01,1.11]
Current                                                                                                         0.93         [0.87,1.01]      0.91*        [0.84,0.98]
Diagnosed hype~0                                                                                                   1         [1.00,1.00]         1         [1.00,1.00]
Diagnosed hype~1                                                                                                1.16***      [1.10,1.22]      1.15***      [1.10,1.21]
Normal                                                                                                             1         [1.00,1.00]         1         [1.00,1.00]
Elevated                                                                                                        0.90**       [0.83,0.97]      0.89**       [0.82,0.96]
High, stage I                                                                                                   0.95         [0.89,1.01]      0.93*        [0.88,1.00]
High, stage II                                                                                                  0.97         [0.91,1.04]      0.94         [0.88,1.01]
Unknown                                                                                                         0.74***      [0.69,0.81]      0.73***      [0.68,0.80]
Asthma categor~0                                                                                                   1         [1.00,1.00]         1         [1.00,1.00]
Asthma categor~1                                                                                                1.20***      [1.14,1.27]      1.20***      [1.13,1.27]
Chronic Respir~0                                                                                                   1         [1.00,1.00]         1         [1.00,1.00]
Chronic Respir~1                                                                                                2.16***      [2.01,2.33]      2.16***      [2.00,2.33]
Chronic Cardia~0                                                                                                   1         [1.00,1.00]         1         [1.00,1.00]
Chronic Cardia~1                                                                                                1.26***      [1.18,1.33]      1.25***      [1.17,1.32]
No DM                                                                                                              1         [1.00,1.00]         1         [1.00,1.00]
T1DM                                                                                                            1.96***      [1.55,2.49]      1.97***      [1.55,2.50]
T2DM                                                                                                            1.18***      [1.08,1.29]      1.21***      [1.10,1.32]
UNKNOWN_DM                                                                                                      1.13*        [1.01,1.26]      1.14*        [1.02,1.26]
Cancer=0                                                                                                           1         [1.00,1.00]         1         [1.00,1.00]
Cancer=1                                                                                                        1.65***      [1.54,1.76]      1.62***      [1.51,1.73]
Chronic liver ~0                                                                                                   1         [1.00,1.00]         1         [1.00,1.00]
Chronic liver ~1                                                                                                2.13***      [1.79,2.55]      2.09***      [1.75,2.50]
Stroke=0                                                                                                           1         [1.00,1.00]         1         [1.00,1.00]
Stroke=1                                                                                                        1.22***      [1.13,1.33]      1.25***      [1.15,1.36]
Dementia=0                                                                                                         1         [1.00,1.00]         1         [1.00,1.00]
Dementia=1                                                                                                      0.57***      [0.50,0.65]      0.63***      [0.55,0.72]
Neurological d~0                                                                                                   1         [1.00,1.00]         1         [1.00,1.00]
Neurological d~1                                                                                                1.74***      [1.53,1.97]      1.84***      [1.62,2.09]
egfr >=60                                                                                                          1         [1.00,1.00]         1         [1.00,1.00]
eGFR <60                                                                                                        1.31***      [1.23,1.41]      1.30***      [1.21,1.39]
end stage rena~0                                                                                                   1         [1.00,1.00]         1         [1.00,1.00]
end stage rena~1                                                                                                1.27*        [1.05,1.54]      1.26*        [1.05,1.53]
Immunosuppress~=                                                                                                   1         [1.00,1.00]         1         [1.00,1.00]
Immunosuppress~=                                                                                                1.20         [0.99,1.45]      1.18         [0.97,1.43]
Autoimmune dis~0                                                                                                   1         [1.00,1.00]         1         [1.00,1.00]
Autoimmune dis~1                                                                                                1.34***      [1.24,1.45]      1.34***      [1.24,1.45]
1-2                                                                                                                                              1         [1.00,1.00]
3-5                                                                                                                                           0.71***      [0.67,0.75]
6-10                                                                                                                                          0.83***      [0.76,0.91]
11+                                                                                                                                           0.27***      [0.24,0.31]
Unknown                                                                                                                                       0.72***      [0.67,0.77]
----------------------------------------------------------------------------------------------------------------------------------------------------------------------
N_sub                                                                                                                                                                 
----------------------------------------------------------------------------------------------------------------------------------------------------------------------
Exponentiated coefficients; 95% confidence intervals in brackets
* p<0.05, ** p<0.01, *** p<0.001
icu
----------------------------------------------------------------------------------------------------------------------------------------------------------------------
                       (1)                           (2)                           (3)                           (4)                           (5)                    
                    icu_30                        icu_30                        icu_30                        icu_30                        icu_30                    
----------------------------------------------------------------------------------------------------------------------------------------------------------------------
icu_30                                                                                                                                                                
White                    1         [1.00,1.00]         1         [1.00,1.00]         1         [1.00,1.00]         1         [1.00,1.00]         1         [1.00,1.00]
South Asian           1.23**       [1.09,1.38]      1.37***      [1.20,1.55]      1.36***      [1.20,1.55]      1.28***      [1.12,1.46]      1.29***      [1.12,1.48]
Black                 1.72***      [1.45,2.04]      1.72***      [1.44,2.06]      1.72***      [1.44,2.06]      1.61***      [1.33,1.93]      1.61***      [1.33,1.93]
Mixed                 1.59**       [1.20,2.11]      1.81***      [1.35,2.43]      1.81***      [1.35,2.43]      1.84***      [1.37,2.48]      1.86***      [1.38,2.51]
Other                 1.67***      [1.33,2.10]      1.78***      [1.40,2.26]      1.78***      [1.40,2.26]      1.92***      [1.51,2.46]      1.93***      [1.51,2.47]
Unknown               0.99         [0.90,1.10]      1.07         [0.97,1.18]      1.07         [0.97,1.18]      1.08         [0.97,1.19]      1.08         [0.97,1.20]
Sustainability~o         1         [1.00,1.00]         1         [1.00,1.00]         1         [1.00,1.00]         1         [1.00,1.00]         1         [1.00,1.00]
Sustainability~o      0.21*        [0.04,0.95]      0.18*        [0.03,0.92]      0.18*        [0.03,0.92]      0.15*        [0.03,0.75]      0.16*        [0.03,0.78]
Sustainability~o      0.21*        [0.04,0.96]      0.18*        [0.03,0.92]      0.18*        [0.03,0.91]      0.15*        [0.03,0.74]      0.15*        [0.03,0.77]
Sustainability~o      0.15*        [0.03,0.71]      0.12*        [0.02,0.63]      0.12*        [0.02,0.62]     0.098**       [0.02,0.51]      0.10**       [0.02,0.53]
Sustainability~o      0.33         [0.07,1.59]      0.28         [0.05,1.49]      0.28         [0.05,1.47]      0.23         [0.04,1.19]      0.24         [0.05,1.24]
Sustainability~o      0.19*        [0.04,0.89]      0.17*        [0.03,0.88]      0.17*        [0.03,0.88]      0.14*        [0.03,0.71]      0.15*        [0.03,0.74]
Sustainability~o      0.14*        [0.03,0.74]      0.11*        [0.02,0.66]      0.11*        [0.02,0.65]     0.094**       [0.02,0.54]     0.098**       [0.02,0.57]
Sustainability~o      0.22         [0.05,1.02]      0.18*        [0.03,0.92]      0.17*        [0.03,0.91]      0.15*        [0.03,0.74]      0.15*        [0.03,0.76]
Sustainability~o      0.19*        [0.04,0.90]      0.16*        [0.03,0.84]      0.16*        [0.03,0.83]      0.13*        [0.03,0.67]      0.13*        [0.03,0.69]
Sustainability~o      0.26         [0.05,1.19]      0.22         [0.04,1.13]      0.22         [0.04,1.12]      0.18*        [0.04,0.90]      0.19*        [0.04,0.94]
Sustainability~o      0.14*        [0.03,0.64]      0.11**       [0.02,0.57]      0.11**       [0.02,0.56]     0.092**       [0.02,0.46]     0.095**       [0.02,0.48]
Sustainability~o      0.34         [0.07,1.57]      0.27         [0.05,1.39]      0.26         [0.05,1.37]      0.21         [0.04,1.07]      0.22         [0.04,1.11]
Sustainability~o      0.31         [0.07,1.44]      0.24         [0.05,1.26]      0.24         [0.05,1.25]      0.19*        [0.04,0.97]      0.20         [0.04,1.02]
Sustainability~o      0.18*        [0.04,0.83]      0.14*        [0.03,0.71]      0.13*        [0.03,0.70]      0.11**       [0.02,0.56]      0.11**       [0.02,0.58]
Sustainability~o      0.34         [0.07,1.58]      0.29         [0.06,1.52]      0.29         [0.06,1.51]      0.25         [0.05,1.23]      0.26         [0.05,1.29]
Sustainability~o      0.17*        [0.04,0.80]      0.15*        [0.03,0.77]      0.14*        [0.03,0.76]      0.12*        [0.02,0.62]      0.13*        [0.03,0.65]
Sustainability~o      0.22         [0.05,1.03]      0.19*        [0.04,0.99]      0.19*        [0.04,0.99]      0.17*        [0.03,0.84]      0.17*        [0.03,0.87]
Sustainability~o      0.27         [0.06,1.27]      0.22         [0.04,1.13]      0.22         [0.04,1.12]      0.18*        [0.04,0.91]      0.19*        [0.04,0.95]
Sustainability~o      0.45         [0.10,2.08]      0.35         [0.07,1.82]      0.35         [0.07,1.80]      0.28         [0.06,1.41]      0.29         [0.06,1.47]
Sustainability~o      0.38         [0.08,1.78]      0.30         [0.06,1.53]      0.29         [0.06,1.51]      0.24         [0.05,1.22]      0.25         [0.05,1.27]
Sustainability~o      0.40         [0.09,1.85]      0.28         [0.05,1.42]      0.27         [0.05,1.40]      0.23         [0.05,1.12]      0.23         [0.05,1.16]
Sustainability~o      0.37         [0.08,1.85]      0.25         [0.05,1.40]      0.25         [0.04,1.38]      0.19         [0.04,1.04]      0.20         [0.04,1.08]
Sustainability~o      0.25         [0.05,1.19]      0.22         [0.04,1.14]      0.22         [0.04,1.13]      0.19*        [0.04,0.95]      0.20*        [0.04,0.99]
Sustainability~o      0.19         [0.03,1.19]      0.15         [0.02,1.06]      0.15         [0.02,1.05]      0.12*        [0.02,0.83]      0.13*        [0.02,0.86]
Sustainability~o      0.16*        [0.03,0.86]      0.11*        [0.02,0.65]      0.11*        [0.02,0.64]     0.091**       [0.02,0.53]     0.093**       [0.02,0.54]
Sustainability~o      0.24         [0.05,1.16]      0.20         [0.04,1.04]      0.19         [0.04,1.03]      0.16*        [0.03,0.84]      0.17*        [0.03,0.87]
Sustainability~o      0.28         [0.06,1.32]      0.23         [0.04,1.21]      0.23         [0.04,1.20]      0.19*        [0.04,0.97]      0.20         [0.04,1.00]
Sustainability~o      0.32         [0.07,1.52]      0.27         [0.05,1.42]      0.27         [0.05,1.40]      0.24         [0.05,1.20]      0.24         [0.05,1.24]
Sustainability~o      0.33         [0.07,1.56]      0.28         [0.05,1.46]      0.27         [0.05,1.44]      0.24         [0.05,1.21]      0.25         [0.05,1.26]
Sustainability~o      0.24         [0.05,1.15]      0.18*        [0.03,0.94]      0.18*        [0.03,0.93]      0.14*        [0.03,0.74]      0.15*        [0.03,0.76]
Sustainability~o      0.13         [0.01,1.64]     0.094         [0.01,1.24]     0.094         [0.01,1.25]     0.077         [0.01,1.02]     0.079         [0.01,1.04]
Sustainability~o      0.18*        [0.04,0.82]      0.15*        [0.03,0.77]      0.15*        [0.03,0.76]      0.12**       [0.02,0.60]      0.12*        [0.02,0.63]
Female                                                 1         [1.00,1.00]         1         [1.00,1.00]         1         [1.00,1.00]         1         [1.00,1.00]
Male                                                2.73***      [2.51,2.97]      2.73***      [2.51,2.97]      2.79***      [2.56,3.04]      2.79***      [2.56,3.05]
Age spline 1                                        1.02         [1.00,1.04]      1.02         [1.00,1.04]      1.01         [0.99,1.03]      1.01         [0.99,1.03]
Age spline 2                                        1.30***      [1.23,1.37]      1.30***      [1.23,1.37]      1.28***      [1.21,1.36]      1.27***      [1.20,1.35]
Age spline 3                                        0.36***      [0.32,0.42]      0.36***      [0.32,0.42]      0.40***      [0.34,0.46]      0.40***      [0.35,0.47]
1 least deprived                                                                     1         [1.00,1.00]         1         [1.00,1.00]         1         [1.00,1.00]
2                                                                                 0.94         [0.82,1.07]      0.91         [0.79,1.04]      0.90         [0.79,1.04]
3                                                                                 0.99         [0.86,1.12]      0.93         [0.82,1.06]      0.93         [0.81,1.06]
4                                                                                 1.03         [0.90,1.17]      0.96         [0.84,1.09]      0.95         [0.84,1.08]
5 most deprived                                                                   0.97         [0.86,1.11]      0.90         [0.78,1.02]      0.89         [0.78,1.02]
Underweig..5)                                                                                                      1         [1.00,1.00]         1         [1.00,1.00]
Normal (18.5-~9)                                                                                                1.22         [0.66,2.25]      1.21         [0.65,2.24]
Overweigh..9 ~4)                                                                                                2.08*        [1.13,3.82]      2.06*        [1.12,3.79]
Obese I (..9 ~4)                                                                                                2.77**       [1.51,5.09]      2.75**       [1.50,5.06]
Obese II ..9 ~4)                                                                                                3.37***      [1.82,6.22]      3.35***      [1.81,6.18]
Obese III..5+)                                                                                                  4.42***      [2.38,8.22]      4.39***      [2.36,8.15]
Unknown                                                                                                         2.51**       [1.36,4.65]      2.50**       [1.35,4.62]
<6.5%                                                                                                              1         [1.00,1.00]         1         [1.00,1.00]
>=6.5-7.4                                                                                                       1.23*        [1.02,1.48]      1.23*        [1.02,1.48]
>=7.5-7.9                                                                                                       1.49**       [1.16,1.92]      1.49**       [1.16,1.92]
>=8-8.9                                                                                                         1.15         [0.89,1.49]      1.15         [0.88,1.49]
>=9                                                                                                             1.68***      [1.34,2.11]      1.67***      [1.34,2.10]
Unknown                                                                                                         0.92         [0.83,1.02]      0.92         [0.83,1.02]
Number of GP c~h                                                                                                1.00*        [0.99,1.00]      1.00*        [0.99,1.00]
Never                                                                                                              1         [1.00,1.00]         1         [1.00,1.00]
Former                                                                                                          1.13**       [1.04,1.23]      1.13**       [1.04,1.23]
Current                                                                                                         0.62***      [0.52,0.74]      0.62***      [0.52,0.74]
Diagnosed hype~0                                                                                                   1         [1.00,1.00]         1         [1.00,1.00]
Diagnosed hype~1                                                                                                1.12*        [1.02,1.22]      1.11*        [1.02,1.22]
Normal                                                                                                             1         [1.00,1.00]         1         [1.00,1.00]
Elevated                                                                                                        1.05         [0.90,1.24]      1.05         [0.90,1.23]
High, stage I                                                                                                   1.11         [0.97,1.27]      1.11         [0.97,1.27]
High, stage II                                                                                                  1.18*        [1.03,1.35]      1.18*        [1.03,1.35]
Unknown                                                                                                         0.81*        [0.68,0.96]      0.81*        [0.68,0.97]
Asthma categor~0                                                                                                   1         [1.00,1.00]         1         [1.00,1.00]
Asthma categor~1                                                                                                1.26***      [1.13,1.39]      1.26***      [1.13,1.39]
Chronic Respir~0                                                                                                   1         [1.00,1.00]         1         [1.00,1.00]
Chronic Respir~1                                                                                                1.36***      [1.20,1.56]      1.36***      [1.19,1.55]
Chronic Cardia~0                                                                                                   1         [1.00,1.00]         1         [1.00,1.00]
Chronic Cardia~1                                                                                                0.77***      [0.68,0.86]      0.77***      [0.68,0.86]
No DM                                                                                                              1         [1.00,1.00]         1         [1.00,1.00]
T1DM                                                                                                            1.14         [0.78,1.66]      1.13         [0.78,1.65]
T2DM                                                                                                            0.92         [0.77,1.09]      0.92         [0.77,1.09]
UNKNOWN_DM                                                                                                      1.18         [0.97,1.43]      1.18         [0.97,1.43]
Cancer=0                                                                                                           1         [1.00,1.00]         1         [1.00,1.00]
Cancer=1                                                                                                        0.87*        [0.76,0.99]      0.86*        [0.75,0.99]
Chronic liver ~0                                                                                                   1         [1.00,1.00]         1         [1.00,1.00]
Chronic liver ~1                                                                                                0.52***      [0.35,0.76]      0.52***      [0.35,0.76]
Stroke=0                                                                                                           1         [1.00,1.00]         1         [1.00,1.00]
Stroke=1                                                                                                        0.89         [0.75,1.06]      0.89         [0.75,1.06]
Dementia=0                                                                                                         1         [1.00,1.00]         1         [1.00,1.00]
Dementia=1                                                                                                     0.033***      [0.00,0.23]     0.033***      [0.00,0.24]
Neurological d~0                                                                                                   1         [1.00,1.00]         1         [1.00,1.00]
Neurological d~1                                                                                                0.67**       [0.50,0.89]      0.68**       [0.51,0.90]
egfr >=60                                                                                                          1         [1.00,1.00]         1         [1.00,1.00]
eGFR <60                                                                                                        0.82**       [0.71,0.95]      0.82**       [0.71,0.95]
end stage rena~0                                                                                                   1         [1.00,1.00]         1         [1.00,1.00]
end stage rena~1                                                                                                1.37*        [1.04,1.82]      1.37*        [1.03,1.82]
Immunosuppress~=                                                                                                   1         [1.00,1.00]         1         [1.00,1.00]
Immunosuppress~=                                                                                                1.25         [0.93,1.69]      1.25         [0.93,1.68]
Autoimmune dis~0                                                                                                   1         [1.00,1.00]         1         [1.00,1.00]
Autoimmune dis~1                                                                                                1.14         [0.98,1.32]      1.14         [0.98,1.32]
1-2                                                                                                                                              1         [1.00,1.00]
3-5                                                                                                                                           0.90*        [0.82,0.99]
6-10                                                                                                                                          1.03         [0.87,1.22]
11+                                                                                                                                           0.64*        [0.45,0.93]
Unknown                                                                                                                                       0.88*        [0.77,1.00]
----------------------------------------------------------------------------------------------------------------------------------------------------------------------
N_sub                                                                                                                                                                 
----------------------------------------------------------------------------------------------------------------------------------------------------------------------
Exponentiated coefficients; 95% confidence intervals in brackets
* p<0.05, ** p<0.01, *** p<0.001
onscoviddeath
----------------------------------------------------------------------------------------------------------------------------------------------------------------------
                       (1)                           (2)                           (3)                           (4)                           (5)                    
                 onscov~30                     onscov~30                     onscov~30                     onscov~30                     onscov~30                    
----------------------------------------------------------------------------------------------------------------------------------------------------------------------
onscoviddeath_30                                                                                                                                                      
White                    1         [1.00,1.00]         1         [1.00,1.00]         1         [1.00,1.00]         1         [1.00,1.00]         1         [1.00,1.00]
South Asian           0.43***      [0.39,0.47]      1.28***      [1.14,1.43]      1.22***      [1.09,1.37]      1.24***      [1.10,1.40]      1.26***      [1.12,1.43]
Black                 0.49***      [0.42,0.58]      1.17         [0.98,1.40]      1.12         [0.93,1.34]      1.10         [0.91,1.32]      1.11         [0.92,1.33]
Mixed                 0.33***      [0.24,0.45]      1.03         [0.73,1.46]      0.99         [0.70,1.40]      1.01         [0.71,1.44]      1.02         [0.71,1.45]
Other                 0.41***      [0.33,0.52]      1.19         [0.92,1.55]      1.17         [0.90,1.52]      1.24         [0.95,1.61]      1.25         [0.96,1.63]
Unknown               1.09**       [1.03,1.15]      1.20***      [1.13,1.28]      1.21***      [1.13,1.29]      1.23***      [1.15,1.31]      1.23***      [1.15,1.31]
Sustainability~o         1         [1.00,1.00]         1         [1.00,1.00]         1         [1.00,1.00]         1         [1.00,1.00]         1         [1.00,1.00]
Sustainability~o      0.59         [0.13,2.70]      0.52         [0.08,3.24]      0.57         [0.09,3.59]      0.57         [0.09,3.79]      0.59         [0.09,3.88]
Sustainability~o      0.55         [0.12,2.56]      0.46         [0.07,2.86]      0.52         [0.08,3.25]      0.53         [0.08,3.49]      0.54         [0.08,3.56]
Sustainability~o      0.72         [0.15,3.33]      0.66         [0.11,4.16]      0.73         [0.12,4.61]      0.76         [0.11,5.09]      0.78         [0.12,5.19]
Sustainability~o      0.53         [0.11,2.49]      0.48         [0.08,3.04]      0.56         [0.09,3.55]      0.56         [0.08,3.76]      0.57         [0.08,3.82]
Sustainability~o      0.49         [0.11,2.24]      0.46         [0.07,2.90]      0.51         [0.08,3.20]      0.52         [0.08,3.43]      0.53         [0.08,3.50]
Sustainability~o      0.63         [0.13,3.02]      0.54         [0.08,3.53]      0.60         [0.09,3.93]      0.62         [0.09,4.21]      0.63         [0.09,4.30]
Sustainability~o      0.81         [0.17,3.74]      0.57         [0.09,3.54]      0.64         [0.10,4.04]      0.65         [0.10,4.31]      0.67         [0.10,4.39]
Sustainability~o      0.52         [0.11,2.43]      0.43         [0.07,2.68]      0.49         [0.08,3.08]      0.48         [0.07,3.18]      0.49         [0.07,3.23]
Sustainability~o      0.73         [0.16,3.39]      0.51         [0.08,3.21]      0.58         [0.09,3.64]      0.59         [0.09,3.90]      0.60         [0.09,3.98]
Sustainability~o      0.56         [0.12,2.59]      0.48         [0.08,2.98]      0.55         [0.09,3.48]      0.57         [0.09,3.74]      0.58         [0.09,3.81]
Sustainability~o      1.21         [0.26,5.61]      0.69         [0.11,4.36]      0.73         [0.12,4.60]      0.73         [0.11,4.87]      0.75         [0.11,4.97]
Sustainability~o      1.07         [0.23,4.97]      0.61         [0.10,3.84]      0.68         [0.11,4.27]      0.69         [0.10,4.59]      0.71         [0.11,4.71]
Sustainability~o      0.81         [0.17,3.74]      0.52         [0.08,3.24]      0.59         [0.09,3.74]      0.57         [0.09,3.79]      0.59         [0.09,3.87]
Sustainability~o      0.51         [0.11,2.38]      0.42         [0.07,2.62]      0.48         [0.08,3.03]      0.48         [0.07,3.19]      0.49         [0.07,3.27]
Sustainability~o      0.66         [0.14,3.05]      0.48         [0.08,3.00]      0.54         [0.09,3.39]      0.54         [0.08,3.58]      0.55         [0.08,3.64]
Sustainability~o      0.71         [0.15,3.29]      0.51         [0.08,3.17]      0.58         [0.09,3.67]      0.57         [0.09,3.80]      0.58         [0.09,3.87]
Sustainability~o      0.79         [0.17,3.66]      0.62         [0.10,3.85]      0.72         [0.11,4.49]      0.70         [0.11,4.64]      0.72         [0.11,4.73]
Sustainability~o      0.98         [0.21,4.52]      0.62         [0.10,3.89]      0.73         [0.12,4.61]      0.73         [0.11,4.83]      0.75         [0.11,4.93]
Sustainability~o      1.09         [0.24,5.05]      0.66         [0.11,4.11]      0.77         [0.12,4.83]      0.78         [0.12,5.15]      0.80         [0.12,5.27]
Sustainability~o      1.22         [0.26,5.65]      0.56         [0.09,3.49]      0.63         [0.10,3.96]      0.63         [0.10,4.19]      0.65         [0.10,4.25]
Sustainability~o      0.92         [0.19,4.42]      0.56         [0.09,3.63]      0.63         [0.10,4.13]      0.64         [0.09,4.41]      0.66         [0.10,4.51]
Sustainability~o      0.68         [0.15,3.17]      0.41         [0.06,2.54]      0.48         [0.08,3.00]      0.47         [0.07,3.12]      0.48         [0.07,3.18]
Sustainability~o      0.88         [0.18,4.37]      0.44         [0.07,2.95]      0.54         [0.08,3.62]      0.56         [0.08,3.95]      0.56         [0.08,3.99]
Sustainability~o      0.56         [0.12,2.70]      0.35         [0.05,2.24]      0.39         [0.06,2.53]      0.42         [0.06,2.86]      0.43         [0.06,2.95]
Sustainability~o      0.46         [0.10,2.13]      0.37         [0.06,2.33]      0.43         [0.07,2.70]      0.43         [0.06,2.89]      0.45         [0.07,2.98]
Sustainability~o      0.67         [0.14,3.11]      0.46         [0.07,2.86]      0.54         [0.09,3.40]      0.54         [0.08,3.55]      0.55         [0.08,3.62]
Sustainability~o      0.64         [0.14,2.98]      0.44         [0.07,2.76]      0.52         [0.08,3.27]      0.52         [0.08,3.47]      0.53         [0.08,3.56]
Sustainability~o      0.63         [0.14,2.94]      0.43         [0.07,2.67]      0.48         [0.08,3.03]      0.49         [0.07,3.25]      0.50         [0.08,3.32]
Sustainability~o      0.99         [0.21,4.61]      0.67         [0.11,4.22]      0.80         [0.13,5.04]      0.79         [0.12,5.27]      0.81         [0.12,5.38]
Sustainability~o      1.02         [0.18,5.63]      0.75         [0.10,5.71]      0.92         [0.12,6.98]      0.86         [0.11,6.87]      0.88         [0.11,7.05]
Sustainability~o      0.53         [0.11,2.43]      0.47         [0.08,2.92]      0.52         [0.08,3.22]      0.53         [0.08,3.49]      0.54         [0.08,3.54]
Female                                                 1         [1.00,1.00]         1         [1.00,1.00]         1         [1.00,1.00]         1         [1.00,1.00]
Male                                                1.89***      [1.79,2.00]      1.90***      [1.80,2.01]      1.84***      [1.74,1.95]      1.84***      [1.74,1.95]
Age spline 1                                        0.98         [0.94,1.01]      0.98         [0.95,1.01]      1.00         [0.97,1.04]      1.01         [0.97,1.04]
Age spline 2                                        1.59***      [1.47,1.72]      1.58***      [1.47,1.71]      1.42***      [1.31,1.54]      1.41***      [1.30,1.53]
Age spline 3                                        0.28***      [0.23,0.34]      0.28***      [0.24,0.34]      0.38***      [0.31,0.45]      0.38***      [0.32,0.46]
1 least deprived                                                                     1         [1.00,1.00]         1         [1.00,1.00]         1         [1.00,1.00]
2                                                                                 1.07         [0.98,1.17]      1.05         [0.96,1.15]      1.05         [0.96,1.15]
3                                                                                 1.12*        [1.02,1.22]      1.07         [0.98,1.17]      1.06         [0.97,1.16]
4                                                                                 1.21***      [1.11,1.32]      1.13**       [1.04,1.24]      1.13**       [1.03,1.23]
5 most deprived                                                                   1.30***      [1.19,1.42]      1.17***      [1.07,1.28]      1.17***      [1.07,1.28]
Underweig..5)                                                                                                      1         [1.00,1.00]         1         [1.00,1.00]
Normal (18.5-~9)                                                                                                0.86         [0.72,1.02]      0.86         [0.73,1.02]
Overweigh..9 ~4)                                                                                                0.77**       [0.65,0.91]      0.77**       [0.65,0.91]
Obese I (..9 ~4)                                                                                                0.85         [0.72,1.02]      0.86         [0.72,1.02]
Obese II ..9 ~4)                                                                                                1.07         [0.89,1.30]      1.08         [0.89,1.31]
Obese III..5+)                                                                                                  1.26*        [1.02,1.55]      1.27*        [1.03,1.56]
Unknown                                                                                                         1.05         [0.87,1.27]      1.06         [0.88,1.27]
<6.5%                                                                                                              1         [1.00,1.00]         1         [1.00,1.00]
>=6.5-7.4                                                                                                       1.07         [0.96,1.19]      1.07         [0.96,1.19]
>=7.5-7.9                                                                                                       1.44***      [1.23,1.69]      1.45***      [1.23,1.70]
>=8-8.9                                                                                                         1.12         [0.96,1.31]      1.12         [0.96,1.31]
>=9                                                                                                             1.15         [0.99,1.34]      1.15         [0.99,1.34]
Unknown                                                                                                         1.05         [0.98,1.14]      1.05         [0.97,1.13]
Number of GP c~h                                                                                                1.00         [1.00,1.00]      1.00         [1.00,1.00]
Never                                                                                                              1         [1.00,1.00]         1         [1.00,1.00]
Former                                                                                                          1.22***      [1.14,1.29]      1.21***      [1.14,1.29]
Current                                                                                                         1.31***      [1.17,1.46]      1.30***      [1.16,1.46]
Diagnosed hype~0                                                                                                   1         [1.00,1.00]         1         [1.00,1.00]
Diagnosed hype~1                                                                                                1.07*        [1.01,1.14]      1.07*        [1.01,1.14]
Normal                                                                                                             1         [1.00,1.00]         1         [1.00,1.00]
Elevated                                                                                                        0.93         [0.85,1.02]      0.93         [0.85,1.02]
High, stage I                                                                                                   0.85***      [0.78,0.92]      0.85***      [0.78,0.92]
High, stage II                                                                                                  0.80***      [0.74,0.86]      0.80***      [0.74,0.87]
Unknown                                                                                                         0.60***      [0.51,0.69]      0.60***      [0.51,0.69]
Asthma categor~0                                                                                                   1         [1.00,1.00]         1         [1.00,1.00]
Asthma categor~1                                                                                                1.07         [0.99,1.15]      1.07         [1.00,1.16]
Chronic Respir~0                                                                                                   1         [1.00,1.00]         1         [1.00,1.00]
Chronic Respir~1                                                                                                1.28***      [1.19,1.37]      1.28***      [1.19,1.37]
Chronic Cardia~0                                                                                                   1         [1.00,1.00]         1         [1.00,1.00]
Chronic Cardia~1                                                                                                1.03         [0.97,1.10]      1.03         [0.97,1.10]
No DM                                                                                                              1         [1.00,1.00]         1         [1.00,1.00]
T1DM                                                                                                            1.39*        [1.07,1.81]      1.38*        [1.06,1.80]
T2DM                                                                                                            1.17***      [1.07,1.29]      1.17**       [1.07,1.29]
UNKNOWN_DM                                                                                                      1.06         [0.93,1.20]      1.06         [0.94,1.20]
Cancer=0                                                                                                           1         [1.00,1.00]         1         [1.00,1.00]
Cancer=1                                                                                                        1.14***      [1.07,1.22]      1.14***      [1.07,1.22]
Chronic liver ~0                                                                                                   1         [1.00,1.00]         1         [1.00,1.00]
Chronic liver ~1                                                                                                1.39***      [1.14,1.68]      1.38**       [1.14,1.67]
Stroke=0                                                                                                           1         [1.00,1.00]         1         [1.00,1.00]
Stroke=1                                                                                                        0.97         [0.90,1.05]      0.96         [0.89,1.04]
Dementia=0                                                                                                         1         [1.00,1.00]         1         [1.00,1.00]
Dementia=1                                                                                                      0.99         [0.87,1.12]      0.98         [0.86,1.12]
Neurological d~0                                                                                                   1         [1.00,1.00]         1         [1.00,1.00]
Neurological d~1                                                                                                1.43***      [1.27,1.61]      1.42***      [1.26,1.61]
egfr >=60                                                                                                          1         [1.00,1.00]         1         [1.00,1.00]
eGFR <60                                                                                                        1.32***      [1.24,1.41]      1.33***      [1.25,1.41]
end stage rena~0                                                                                                   1         [1.00,1.00]         1         [1.00,1.00]
end stage rena~1                                                                                                1.06         [0.88,1.28]      1.06         [0.88,1.28]
Immunosuppress~=                                                                                                   1         [1.00,1.00]         1         [1.00,1.00]
Immunosuppress~=                                                                                                1.69***      [1.35,2.11]      1.69***      [1.35,2.11]
Autoimmune dis~0                                                                                                   1         [1.00,1.00]         1         [1.00,1.00]
Autoimmune dis~1                                                                                                1.14**       [1.04,1.25]      1.14**       [1.04,1.25]
1-2                                                                                                                                              1         [1.00,1.00]
3-5                                                                                                                                           0.92*        [0.85,1.00]
6-10                                                                                                                                          0.99         [0.85,1.15]
11+                                                                                                                                           1.09         [0.96,1.23]
Unknown                                                                                                                                       0.91*        [0.83,0.99]
----------------------------------------------------------------------------------------------------------------------------------------------------------------------
N_sub                                                                                                                                                                 
----------------------------------------------------------------------------------------------------------------------------------------------------------------------
Exponentiated coefficients; 95% confidence intervals in brackets
* p<0.05, ** p<0.01, *** p<0.001
ons_noncoviddeath
----------------------------------------------------------------------------------------------------------------------------------------------------------------------
                       (1)                           (2)                           (3)                           (4)                           (5)                    
                 ons_no~30                     ons_no~30                     ons_no~30                     ons_no~30                     ons_no~30                    
----------------------------------------------------------------------------------------------------------------------------------------------------------------------
ons_noncovidd~30                                                                                                                                                      
White                    1         [1.00,1.00]         1         [1.00,1.00]         1         [1.00,1.00]         1         [1.00,1.00]         1         [1.00,1.00]
South Asian           0.54**       [0.36,0.81]      1.60*        [1.04,2.44]      1.60*        [1.04,2.46]      1.82**       [1.17,2.84]      1.77*        [1.12,2.80]
Black                 0.38*        [0.17,0.85]      0.87         [0.38,2.00]      0.89         [0.39,2.04]      0.96         [0.41,2.22]      0.94         [0.41,2.18]
Mixed                 0.53         [0.17,1.67]      1.76         [0.55,5.59]      1.77         [0.55,5.65]      1.86         [0.58,5.97]      1.83         [0.57,5.89]
Other                 0.62         [0.25,1.50]      1.77         [0.71,4.40]      1.78         [0.72,4.43]      1.85         [0.74,4.60]      1.80         [0.72,4.50]
Unknown               0.90         [0.70,1.14]      0.90         [0.71,1.16]      0.90         [0.71,1.15]      0.90         [0.70,1.16]      0.90         [0.70,1.16]
Sustainability~o         1         [1.00,1.00]         1         [1.00,1.00]         1         [1.00,1.00]         1         [1.00,1.00]         1         [1.00,1.00]
Sustainability~o      0.94         [0.58,1.55]      0.91         [0.55,1.49]      0.91         [0.55,1.50]      0.88         [0.53,1.45]      0.87         [0.53,1.44]
Sustainability~o      1.19         [0.67,2.11]      1.14         [0.64,2.01]      1.14         [0.64,2.02]      1.12         [0.63,1.98]      1.11         [0.62,1.97]
Sustainability~o      0.41         [0.10,1.71]      0.40         [0.09,1.67]      0.40         [0.10,1.68]      0.40         [0.10,1.68]      0.39         [0.09,1.63]
Sustainability~o      0.33         [0.05,2.45]      0.34         [0.05,2.48]      0.34         [0.05,2.49]      0.33         [0.04,2.44]      0.33         [0.04,2.41]
Sustainability~o      1.08         [0.64,1.81]      1.15         [0.68,1.93]      1.15         [0.68,1.94]      1.12         [0.66,1.89]      1.10         [0.65,1.85]
Sustainability~o      2.82         [0.99,8.04]      2.80         [0.97,8.07]      2.78         [0.97,8.02]      2.61         [0.90,7.56]      2.61         [0.90,7.56]
Sustainability~o      0.98         [0.50,1.90]      0.77         [0.40,1.51]      0.77         [0.39,1.50]      0.72         [0.37,1.40]      0.70         [0.36,1.37]
Sustainability~o      1.13         [0.50,2.56]      1.10         [0.48,2.51]      1.09         [0.48,2.49]      1.06         [0.46,2.43]      1.04         [0.45,2.37]
Sustainability~o      1.11         [0.56,2.21]      0.89         [0.44,1.77]      0.88         [0.44,1.77]      0.86         [0.43,1.71]      0.84         [0.42,1.68]
Sustainability~o      1.29         [0.74,2.25]      1.23         [0.71,2.16]      1.22         [0.69,2.15]      1.19         [0.68,2.10]      1.16         [0.66,2.04]
Sustainability~o      2.68**       [1.40,5.13]      1.69         [0.87,3.26]      1.71         [0.88,3.32]      1.76         [0.90,3.42]      1.71         [0.88,3.34]
Sustainability~o      1.59         [0.80,3.17]      1.03         [0.52,2.06]      1.03         [0.52,2.07]      1.04         [0.52,2.08]      1.01         [0.50,2.03]
Sustainability~o      1.85         [1.00,3.42]      1.39         [0.75,2.58]      1.38         [0.74,2.57]      1.32         [0.71,2.47]      1.27         [0.68,2.38]
Sustainability~o      1.25         [0.64,2.43]      1.18         [0.60,2.30]      1.17         [0.60,2.29]      1.15         [0.59,2.27]      1.14         [0.58,2.24]
Sustainability~o      0.33         [0.10,1.06]      0.27*        [0.08,0.89]      0.27*        [0.08,0.87]      0.26*        [0.08,0.85]      0.26*        [0.08,0.85]
Sustainability~o      2.10*        [1.16,3.79]      1.74         [0.96,3.16]      1.73         [0.95,3.15]      1.64         [0.89,3.00]      1.61         [0.88,2.95]
Sustainability~o      1.24         [0.68,2.23]      1.05         [0.58,1.90]      1.04         [0.57,1.89]      0.99         [0.54,1.82]      0.95         [0.52,1.75]
Sustainability~o      3.10***      [1.83,5.25]      2.27**       [1.33,3.86]      2.23**       [1.30,3.81]      2.13**       [1.24,3.66]      2.09**       [1.22,3.60]
Sustainability~o      2.81***      [1.75,4.51]      1.93**       [1.20,3.12]      1.91**       [1.18,3.10]      1.83*        [1.12,2.99]      1.77*        [1.08,2.89]
Sustainability~o      1.31         [0.72,2.40]      0.68         [0.36,1.25]      0.66         [0.35,1.23]      0.61         [0.32,1.15]      0.59         [0.32,1.12]
Sustainability~o      2.09         [0.50,8.82]      1.42         [0.33,6.07]      1.39         [0.32,5.93]      1.23         [0.29,5.28]      1.19         [0.28,5.12]
Sustainability~o      1.79         [0.93,3.41]      1.29         [0.67,2.48]      1.28         [0.66,2.47]      1.19         [0.62,2.31]      1.17         [0.60,2.27]
Sustainability~o      3.52        [0.83,14.86]      2.24         [0.52,9.58]      2.24         [0.52,9.60]      2.31         [0.54,9.97]      2.26         [0.52,9.75]
Sustainability~o      0.74         [0.10,5.45]      0.60         [0.08,4.43]      0.59         [0.08,4.37]      0.54         [0.07,4.02]      0.53         [0.07,3.97]
Sustainability~o      0.48         [0.11,2.00]      0.47         [0.11,1.99]      0.47         [0.11,1.98]      0.46         [0.11,1.95]      0.46         [0.11,1.94]
Sustainability~o      2.68**       [1.48,4.84]      2.21**       [1.21,4.02]      2.20*        [1.20,4.02]      2.21*        [1.20,4.06]      2.18*        [1.18,4.00]
Sustainability~o      2.23*        [1.09,4.55]      1.84         [0.90,3.78]      1.82         [0.88,3.76]      1.73         [0.84,3.59]      1.69         [0.81,3.50]
Sustainability~o      0.99         [0.39,2.55]      0.82         [0.32,2.11]      0.81         [0.31,2.09]      0.77         [0.29,1.99]      0.75         [0.29,1.95]
Sustainability~o      1.69         [0.78,3.68]      1.29         [0.59,2.82]      1.28         [0.58,2.82]      1.18         [0.53,2.60]      1.14         [0.52,2.53]
Sustainability~o      5.06        [0.67,37.88]      4.06        [0.53,31.21]      4.03        [0.52,31.11]      4.09        [0.52,32.00]      3.84        [0.49,30.05]
Sustainability~o         1         [1.00,1.00]         1         [1.00,1.00]         1         [1.00,1.00]         1         [1.00,1.00]         1         [1.00,1.00]
Female                                                 1         [1.00,1.00]         1         [1.00,1.00]         1         [1.00,1.00]         1         [1.00,1.00]
Male                                                1.23*        [1.00,1.50]      1.23*        [1.00,1.50]      1.18         [0.96,1.46]      1.17         [0.95,1.45]
Age spline 1                                        0.99         [0.85,1.15]      0.99         [0.85,1.15]      1.01         [0.86,1.18]      1.01         [0.86,1.18]
Age spline 2                                        1.49*        [1.06,2.11]      1.49*        [1.06,2.11]      1.40         [0.98,2.00]      1.40         [0.98,2.00]
Age spline 3                                        0.33**       [0.15,0.74]      0.33**       [0.15,0.73]      0.38*        [0.17,0.88]      0.38*        [0.17,0.88]
1 least deprived                                                                     1         [1.00,1.00]         1         [1.00,1.00]         1         [1.00,1.00]
2                                                                                 0.96         [0.70,1.33]      0.97         [0.71,1.34]      0.97         [0.70,1.34]
3                                                                                 1.02         [0.75,1.41]      1.02         [0.74,1.40]      1.02         [0.74,1.40]
4                                                                                 1.04         [0.76,1.43]      1.02         [0.74,1.41]      1.02         [0.74,1.40]
5 most deprived                                                                   0.93         [0.67,1.31]      0.91         [0.65,1.29]      0.91         [0.65,1.29]
Underweig..5)                                                                                                      1         [1.00,1.00]         1         [1.00,1.00]
Normal (18.5-~9)                                                                                                0.61*        [0.37,0.99]      0.60*        [0.37,0.99]
Overweigh..9 ~4)                                                                                                0.63         [0.38,1.04]      0.62         [0.38,1.03]
Obese I (..9 ~4)                                                                                                0.58*        [0.35,0.99]      0.58*        [0.34,0.98]
Obese II ..9 ~4)                                                                                                0.37**       [0.19,0.73]      0.37**       [0.19,0.72]
Obese III..5+)                                                                                                  0.34*        [0.14,0.83]      0.34*        [0.14,0.82]
Unknown                                                                                                         0.70         [0.40,1.23]      0.69         [0.39,1.22]
<6.5%                                                                                                              1         [1.00,1.00]         1         [1.00,1.00]
>=6.5-7.4                                                                                                       0.93         [0.61,1.42]      0.93         [0.61,1.41]
>=7.5-7.9                                                                                                       0.73         [0.35,1.52]      0.72         [0.35,1.51]
>=8-8.9                                                                                                         0.93         [0.49,1.76]      0.92         [0.48,1.74]
>=9                                                                                                             1.88*        [1.13,3.13]      1.87*        [1.12,3.11]
Unknown                                                                                                         1.12         [0.86,1.46]      1.13         [0.86,1.47]
Number of GP c~h                                                                                                1.00         [0.99,1.01]      1.00         [0.99,1.01]
Never                                                                                                              1         [1.00,1.00]         1         [1.00,1.00]
Former                                                                                                          1.01         [0.80,1.27]      1.01         [0.80,1.27]
Current                                                                                                         1.59*        [1.08,2.32]      1.58*        [1.08,2.32]
Diagnosed hype~0                                                                                                   1         [1.00,1.00]         1         [1.00,1.00]
Diagnosed hype~1                                                                                                0.99         [0.78,1.24]      0.98         [0.78,1.24]
Normal                                                                                                             1         [1.00,1.00]         1         [1.00,1.00]
Elevated                                                                                                        1.00         [0.72,1.39]      1.00         [0.72,1.39]
High, stage I                                                                                                   0.88         [0.66,1.18]      0.88         [0.65,1.17]
High, stage II                                                                                                  0.87         [0.65,1.17]      0.87         [0.65,1.16]
Unknown                                                                                                         0.74         [0.42,1.31]      0.74         [0.42,1.31]
Asthma categor~0                                                                                                   1         [1.00,1.00]         1         [1.00,1.00]
Asthma categor~1                                                                                                0.94         [0.70,1.26]      0.94         [0.70,1.26]
Chronic Respir~0                                                                                                   1         [1.00,1.00]         1         [1.00,1.00]
Chronic Respir~1                                                                                                1.09         [0.84,1.41]      1.08         [0.84,1.40]
Chronic Cardia~0                                                                                                   1         [1.00,1.00]         1         [1.00,1.00]
Chronic Cardia~1                                                                                                0.86         [0.69,1.08]      0.86         [0.69,1.08]
No DM                                                                                                              1         [1.00,1.00]         1         [1.00,1.00]
T1DM                                                                                                            1.52         [0.61,3.79]      1.54         [0.62,3.84]
T2DM                                                                                                            1.01         [0.71,1.44]      1.01         [0.71,1.45]
UNKNOWN_DM                                                                                                      1.05         [0.64,1.71]      1.05         [0.65,1.71]
Cancer=0                                                                                                           1         [1.00,1.00]         1         [1.00,1.00]
Cancer=1                                                                                                        1.81***      [1.45,2.26]      1.81***      [1.45,2.25]
Chronic liver ~0                                                                                                   1         [1.00,1.00]         1         [1.00,1.00]
Chronic liver ~1                                                                                                2.90***      [1.72,4.89]      2.90***      [1.72,4.89]
Stroke=0                                                                                                           1         [1.00,1.00]         1         [1.00,1.00]
Stroke=1                                                                                                        1.27         [0.97,1.65]      1.27         [0.98,1.66]
Dementia=0                                                                                                         1         [1.00,1.00]         1         [1.00,1.00]
Dementia=1                                                                                                      1.02         [0.65,1.60]      1.04         [0.66,1.64]
Neurological d~0                                                                                                   1         [1.00,1.00]         1         [1.00,1.00]
Neurological d~1                                                                                                0.76         [0.45,1.28]      0.76         [0.45,1.29]
egfr >=60                                                                                                          1         [1.00,1.00]         1         [1.00,1.00]
eGFR <60                                                                                                        1.13         [0.90,1.43]      1.13         [0.90,1.42]
end stage rena~0                                                                                                   1         [1.00,1.00]         1         [1.00,1.00]
end stage rena~1                                                                                                1.33         [0.64,2.77]      1.32         [0.63,2.76]
Immunosuppress~=                                                                                                   1         [1.00,1.00]         1         [1.00,1.00]
Immunosuppress~=                                                                                                0.19         [0.03,1.38]      0.19         [0.03,1.37]
Autoimmune dis~0                                                                                                   1         [1.00,1.00]         1         [1.00,1.00]
Autoimmune dis~1                                                                                                0.87         [0.60,1.27]      0.87         [0.60,1.27]
1-2                                                                                                                                              1         [1.00,1.00]
3-5                                                                                                                                           1.09         [0.80,1.49]
6-10                                                                                                                                          1.09         [0.62,1.94]
11+                                                                                                                                           0.72         [0.43,1.21]
Unknown                                                                                                                                       0.83         [0.58,1.18]
----------------------------------------------------------------------------------------------------------------------------------------------------------------------
N_sub                                                                                                                                                                 
----------------------------------------------------------------------------------------------------------------------------------------------------------------------
Exponentiated coefficients; 95% confidence intervals in brackets
* p<0.05, ** p<0.01, *** p<0.001
onsdeath
----------------------------------------------------------------------------------------------------------------------------------------------------------------------
                       (1)                           (2)                           (3)                           (4)                           (5)                    
                 onsdea~30                     onsdea~30                     onsdea~30                     onsdea~30                     onsdea~30                    
----------------------------------------------------------------------------------------------------------------------------------------------------------------------
onsdeath_30                                                                                                                                                           
White                    1         [1.00,1.00]         1         [1.00,1.00]         1         [1.00,1.00]         1         [1.00,1.00]         1         [1.00,1.00]
South Asian           0.43***      [0.39,0.47]      1.31***      [1.17,1.46]      1.25***      [1.12,1.40]      1.29***      [1.14,1.45]      1.30***      [1.15,1.47]
Black                 0.48***      [0.42,0.56]      1.16         [0.97,1.39]      1.11         [0.93,1.33]      1.10         [0.92,1.32]      1.10         [0.92,1.33]
Mixed                 0.34***      [0.25,0.45]      1.07         [0.76,1.50]      1.03         [0.73,1.45]      1.05         [0.75,1.49]      1.06         [0.75,1.50]
Other                 0.42***      [0.33,0.52]      1.23         [0.95,1.59]      1.21         [0.94,1.57]      1.28         [0.99,1.66]      1.29         [1.00,1.68]
Unknown               1.08**       [1.02,1.14]      1.19***      [1.12,1.27]      1.19***      [1.12,1.27]      1.21***      [1.14,1.29]      1.22***      [1.14,1.30]
Sustainability~o         1         [1.00,1.00]         1         [1.00,1.00]         1         [1.00,1.00]         1         [1.00,1.00]         1         [1.00,1.00]
Sustainability~o      0.61         [0.13,2.81]      0.54         [0.09,3.40]      0.60         [0.10,3.75]      0.61         [0.09,4.04]      0.63         [0.09,4.15]
Sustainability~o      0.58         [0.13,2.70]      0.49         [0.08,3.05]      0.55         [0.09,3.45]      0.57         [0.09,3.78]      0.58         [0.09,3.86]
Sustainability~o      0.73         [0.16,3.38]      0.67         [0.11,4.24]      0.74         [0.12,4.68]      0.79         [0.12,5.27]      0.81         [0.12,5.37]
Sustainability~o      0.54         [0.11,2.52]      0.48         [0.08,3.09]      0.56         [0.09,3.58]      0.57         [0.08,3.87]      0.58         [0.09,3.94]
Sustainability~o      0.51         [0.11,2.37]      0.49         [0.08,3.09]      0.54         [0.09,3.40]      0.56         [0.08,3.73]      0.57         [0.09,3.80]
Sustainability~o      0.71         [0.15,3.37]      0.63         [0.10,4.08]      0.69         [0.11,4.52]      0.72         [0.10,4.93]      0.74         [0.11,5.05]
Sustainability~o      0.84         [0.18,3.86]      0.59         [0.09,3.68]      0.66         [0.11,4.18]      0.68         [0.10,4.53]      0.70         [0.11,4.63]
Sustainability~o      0.55         [0.12,2.56]      0.45         [0.07,2.86]      0.51         [0.08,3.26]      0.52         [0.08,3.45]      0.53         [0.08,3.50]
Sustainability~o      0.76         [0.16,3.53]      0.54         [0.09,3.36]      0.60         [0.10,3.79]      0.63         [0.09,4.15]      0.64         [0.10,4.24]
Sustainability~o      0.59         [0.13,2.74]      0.51         [0.08,3.19]      0.59         [0.09,3.71]      0.61         [0.09,4.07]      0.63         [0.09,4.14]
Sustainability~o      1.30         [0.28,6.01]      0.76         [0.12,4.76]      0.79         [0.13,5.00]      0.82         [0.12,5.43]      0.83         [0.13,5.55]
Sustainability~o      1.12         [0.24,5.19]      0.64         [0.10,4.05]      0.71         [0.11,4.48]      0.74         [0.11,4.92]      0.76         [0.11,5.05]
Sustainability~o      0.86         [0.19,3.98]      0.56         [0.09,3.50]      0.64         [0.10,4.01]      0.63         [0.09,4.15]      0.64         [0.10,4.24]
Sustainability~o      0.54         [0.12,2.52]      0.45         [0.07,2.81]      0.51         [0.08,3.23]      0.52         [0.08,3.48]      0.54         [0.08,3.57]
Sustainability~o      0.67         [0.14,3.08]      0.48         [0.08,3.03]      0.54         [0.09,3.40]      0.55         [0.08,3.66]      0.56         [0.08,3.73]
Sustainability~o      0.77         [0.17,3.55]      0.56         [0.09,3.49]      0.64         [0.10,4.03]      0.64         [0.10,4.25]      0.65         [0.10,4.34]
Sustainability~o      0.83         [0.18,3.81]      0.65         [0.10,4.06]      0.75         [0.12,4.71]      0.75         [0.11,4.96]      0.76         [0.12,5.06]
Sustainability~o      1.07         [0.23,4.95]      0.70         [0.11,4.39]      0.82         [0.13,5.16]      0.83         [0.13,5.52]      0.85         [0.13,5.64]
Sustainability~o      1.18         [0.26,5.46]      0.73         [0.12,4.55]      0.84         [0.13,5.31]      0.87         [0.13,5.77]      0.89         [0.14,5.91]
Sustainability~o      1.26         [0.27,5.84]      0.57         [0.09,3.60]      0.65         [0.10,4.06]      0.66         [0.10,4.37]      0.67         [0.10,4.44]
Sustainability~o      0.98         [0.20,4.70]      0.60         [0.09,3.92]      0.68         [0.10,4.43]      0.69         [0.10,4.78]      0.71         [0.10,4.89]
Sustainability~o      0.73         [0.16,3.39]      0.44         [0.07,2.75]      0.51         [0.08,3.22]      0.51         [0.08,3.40]      0.52         [0.08,3.48]
Sustainability~o      0.99         [0.20,4.86]      0.50         [0.07,3.36]      0.61         [0.09,4.08]      0.64         [0.09,4.57]      0.65         [0.09,4.63]
Sustainability~o      0.58         [0.12,2.79]      0.36         [0.05,2.32]      0.40         [0.06,2.61]      0.43         [0.06,2.99]      0.45         [0.07,3.08]
Sustainability~o      0.47         [0.10,2.18]      0.38         [0.06,2.40]      0.43         [0.07,2.76]      0.45         [0.07,3.02]      0.46         [0.07,3.11]
Sustainability~o      0.74         [0.16,3.45]      0.52         [0.08,3.25]      0.61         [0.10,3.83]      0.62         [0.09,4.11]      0.63         [0.09,4.19]
Sustainability~o      0.70         [0.15,3.26]      0.49         [0.08,3.08]      0.57         [0.09,3.62]      0.59         [0.09,3.92]      0.60         [0.09,4.02]
Sustainability~o      0.66         [0.14,3.06]      0.44         [0.07,2.80]      0.50         [0.08,3.16]      0.51         [0.08,3.44]      0.53         [0.08,3.52]
Sustainability~o      1.04         [0.22,4.84]      0.71         [0.11,4.50]      0.84         [0.13,5.34]      0.85         [0.13,5.68]      0.87         [0.13,5.81]
Sustainability~o      1.18         [0.22,6.41]      0.91         [0.12,6.84]      1.10         [0.15,8.30]      1.05         [0.13,8.39]      1.08         [0.14,8.58]
Sustainability~o      0.55         [0.12,2.54]      0.49         [0.08,3.09]      0.54         [0.09,3.40]      0.57         [0.09,3.75]      0.58         [0.09,3.82]
Female                                                 1         [1.00,1.00]         1         [1.00,1.00]         1         [1.00,1.00]         1         [1.00,1.00]
Male                                                1.89***      [1.79,2.00]      1.90***      [1.80,2.00]      1.84***      [1.74,1.94]      1.84***      [1.74,1.95]
Age spline 1                                        0.98         [0.95,1.01]      0.98         [0.95,1.01]      1.01         [0.97,1.04]      1.01         [0.97,1.04]
Age spline 2                                        1.58***      [1.47,1.71]      1.58***      [1.46,1.70]      1.41***      [1.31,1.53]      1.40***      [1.30,1.52]
Age spline 3                                        0.28***      [0.24,0.34]      0.29***      [0.24,0.34]      0.38***      [0.32,0.46]      0.39***      [0.32,0.47]
1 least deprived                                                                     1         [1.00,1.00]         1         [1.00,1.00]         1         [1.00,1.00]
2                                                                                 1.07         [0.98,1.16]      1.05         [0.96,1.15]      1.05         [0.96,1.14]
3                                                                                 1.11*        [1.02,1.22]      1.07         [0.98,1.16]      1.06         [0.97,1.16]
4                                                                                 1.21***      [1.11,1.32]      1.13**       [1.03,1.23]      1.12**       [1.03,1.23]
5 most deprived                                                                   1.28***      [1.18,1.40]      1.16**       [1.06,1.27]      1.16**       [1.06,1.27]
Underweig..5)                                                                                                      1         [1.00,1.00]         1         [1.00,1.00]
Normal (18.5-~9)                                                                                                0.82*        [0.69,0.97]      0.82*        [0.70,0.97]
Overweigh..9 ~4)                                                                                                0.74***      [0.62,0.87]      0.74***      [0.62,0.87]
Obese I (..9 ~4)                                                                                                0.81*        [0.68,0.97]      0.82*        [0.69,0.97]
Obese II ..9 ~4)                                                                                                1.00         [0.83,1.21]      1.01         [0.83,1.21]
Obese III..5+)                                                                                                  1.17         [0.95,1.44]      1.17         [0.95,1.45]
Unknown                                                                                                         1.01         [0.84,1.21]      1.01         [0.84,1.22]
<6.5%                                                                                                              1         [1.00,1.00]         1         [1.00,1.00]
>=6.5-7.4                                                                                                       1.06         [0.95,1.18]      1.06         [0.96,1.18]
>=7.5-7.9                                                                                                       1.42***      [1.21,1.66]      1.42***      [1.21,1.66]
>=8-8.9                                                                                                         1.11         [0.95,1.30]      1.11         [0.95,1.30]
>=9                                                                                                             1.20*        [1.03,1.39]      1.20*        [1.03,1.39]
Unknown                                                                                                         1.06         [0.99,1.14]      1.06         [0.98,1.14]
Number of GP c~h                                                                                                1.00         [1.00,1.00]      1.00         [1.00,1.00]
Never                                                                                                              1         [1.00,1.00]         1         [1.00,1.00]
Former                                                                                                          1.21***      [1.14,1.29]      1.21***      [1.14,1.28]
Current                                                                                                         1.34***      [1.20,1.50]      1.34***      [1.20,1.49]
Diagnosed hype~0                                                                                                   1         [1.00,1.00]         1         [1.00,1.00]
Diagnosed hype~1                                                                                                1.07*        [1.00,1.14]      1.07*        [1.00,1.14]
Normal                                                                                                             1         [1.00,1.00]         1         [1.00,1.00]
Elevated                                                                                                        0.93         [0.85,1.02]      0.94         [0.85,1.02]
High, stage I                                                                                                   0.84***      [0.78,0.91]      0.84***      [0.78,0.91]
High, stage II                                                                                                  0.79***      [0.73,0.86]      0.79***      [0.73,0.86]
Unknown                                                                                                         0.59***      [0.51,0.69]      0.59***      [0.51,0.69]
Asthma categor~0                                                                                                   1         [1.00,1.00]         1         [1.00,1.00]
Asthma categor~1                                                                                                1.07         [0.99,1.15]      1.07         [0.99,1.15]
Chronic Respir~0                                                                                                   1         [1.00,1.00]         1         [1.00,1.00]
Chronic Respir~1                                                                                                1.28***      [1.19,1.37]      1.28***      [1.19,1.37]
Chronic Cardia~0                                                                                                   1         [1.00,1.00]         1         [1.00,1.00]
Chronic Cardia~1                                                                                                1.02         [0.96,1.08]      1.02         [0.96,1.08]
No DM                                                                                                              1         [1.00,1.00]         1         [1.00,1.00]
T1DM                                                                                                            1.42**       [1.09,1.85]      1.42**       [1.09,1.84]
T2DM                                                                                                            1.17***      [1.07,1.29]      1.17**       [1.07,1.28]
UNKNOWN_DM                                                                                                      1.06         [0.93,1.20]      1.06         [0.94,1.20]
Cancer=0                                                                                                           1         [1.00,1.00]         1         [1.00,1.00]
Cancer=1                                                                                                        1.20***      [1.12,1.28]      1.20***      [1.12,1.28]
Chronic liver ~0                                                                                                   1         [1.00,1.00]         1         [1.00,1.00]
Chronic liver ~1                                                                                                1.51***      [1.25,1.82]      1.50***      [1.24,1.81]
Stroke=0                                                                                                           1         [1.00,1.00]         1         [1.00,1.00]
Stroke=1                                                                                                        0.99         [0.91,1.06]      0.98         [0.91,1.06]
Dementia=0                                                                                                         1         [1.00,1.00]         1         [1.00,1.00]
Dementia=1                                                                                                      0.99         [0.87,1.12]      0.98         [0.86,1.12]
Neurological d~0                                                                                                   1         [1.00,1.00]         1         [1.00,1.00]
Neurological d~1                                                                                                1.40***      [1.24,1.58]      1.39***      [1.23,1.57]
egfr >=60                                                                                                          1         [1.00,1.00]         1         [1.00,1.00]
eGFR <60                                                                                                        1.33***      [1.25,1.42]      1.33***      [1.25,1.42]
end stage rena~0                                                                                                   1         [1.00,1.00]         1         [1.00,1.00]
end stage rena~1                                                                                                1.08         [0.89,1.30]      1.08         [0.89,1.30]
Immunosuppress~=                                                                                                   1         [1.00,1.00]         1         [1.00,1.00]
Immunosuppress~=                                                                                                1.58***      [1.27,1.98]      1.58***      [1.27,1.98]
Autoimmune dis~0                                                                                                   1         [1.00,1.00]         1         [1.00,1.00]
Autoimmune dis~1                                                                                                1.13**       [1.03,1.24]      1.13**       [1.03,1.24]
1-2                                                                                                                                              1         [1.00,1.00]
3-5                                                                                                                                           0.93         [0.86,1.00]
6-10                                                                                                                                          1.00         [0.86,1.16]
11+                                                                                                                                           1.06         [0.93,1.20]
Unknown                                                                                                                                       0.90*        [0.82,0.98]
----------------------------------------------------------------------------------------------------------------------------------------------------------------------
N_sub                                                                                                                                                                 
----------------------------------------------------------------------------------------------------------------------------------------------------------------------
Exponentiated coefficients; 95% confidence intervals in brackets
* p<0.05, ** p<0.01, *** p<0.001
