Table 2: Association between ethnicity in 16 categories and COVID-19 outcomes - no STP
	Denominator	Event	Total person-weeks	Rate per 1,000	with stp		without stp		
					HR	95% CI	HR	95% CI		
tested
White	11167732	936832	 285702894	3.28	1.00		1.00		1.00		1.00		1.00
South Asian	1027588	89871	  26337621	3.41	1.02	(1.01 - 1.02)	1.04	(1.03 - 1.04)
Black	343102	29423	   8771618	3.35	1.08	(1.07 - 1.09)	1.06	(1.05 - 1.08)
Mixed	172211	14178	   4414139	3.21	1.02	(1.01 - 1.04)	1.01	(0.99 - 1.02)
Other	324371	17770	   8383560	2.12	0.74	(0.72 - 0.75)	0.72	(0.71 - 0.73)
Unknown	4352611	317943	 111670885	2.85	0.98	(0.97 - 0.98)	0.98	(0.97 - 0.98)
positivetest
White	11167732	42215	 292260078	0.14	1.00		1.00		1.00		1.00		1.00
South Asian	1027588	9777	  26883513	0.36	2.02	(1.97 - 2.07)	2.07	(2.02 - 2.12)
Black	343102	2315	   8977287	0.26	1.71	(1.64 - 1.79)	1.62	(1.55 - 1.69)
Mixed	172211	855	   4512579	0.19	1.50	(1.40 - 1.61)	1.42	(1.33 - 1.52)
Other	324371	1249	   8504583	0.15	1.23	(1.16 - 1.30)	1.15	(1.09 - 1.22)
Unknown	4352611	15619	 113887570	0.14	1.09	(1.07 - 1.11)	1.04	(1.02 - 1.06)
icu
White	11167732	1709	 286372059	0.01	1.00		1.00		1.00		1.00		1.00
South Asian	1027588	412	  26385543	0.02	2.23	(1.97 - 2.54)	2.43	(2.15 - 2.74)
Black	343102	185	   8808330	0.02	3.16	(2.69 - 3.72)	3.71	(3.17 - 4.34)
Mixed	172211	58	   4424048	0.01	3.11	(2.39 - 4.06)	3.45	(2.65 - 4.50)
Other	324371	98	   8333882	0.01	3.25	(2.63 - 4.01)	3.59	(2.92 - 4.41)
Unknown	4352611	634	 111577938	0.01	1.13	(1.03 - 1.24)	1.12	(1.02 - 1.22)
hes
White	11167732	20684	 292519387	0.07	1.00		1.00		1.00		1.00		1.00
South Asian	1027588	2831	  26943984	0.11	1.48	(1.41 - 1.55)	1.81	(1.73 - 1.89)
Black	343102	1049	   8992403	0.12	1.77	(1.66 - 1.89)	2.22	(2.08 - 2.36)
Mixed	172211	303	   4519174	0.07	1.63	(1.46 - 1.83)	1.89	(1.68 - 2.12)
Other	324371	506	   8513511	0.06	1.55	(1.41 - 1.69)	1.76	(1.61 - 1.93)
Unknown	4352611	7270	 113983488	0.06	1.07	(1.04 - 1.10)	1.03	(1.00 - 1.06)
onscoviddeath
White	11167732	7650	 292736347	0.03	1.00		1.00		1.00		1.00		1.00
South Asian	1027588	738	  26975193	0.03	1.29	(1.18 - 1.41)	1.59	(1.46 - 1.73)
Black	343102	266	   9005815	0.03	1.51	(1.33 - 1.72)	1.98	(1.75 - 2.24)
Mixed	172211	68	   4522898	0.02	1.50	(1.18 - 1.90)	1.80	(1.42 - 2.29)
Other	324371	114	   8520038	0.01	1.29	(1.07 - 1.56)	1.55	(1.29 - 1.87)
Unknown	4352611	3022	 114056229	0.03	1.14	(1.09 - 1.19)	1.09	(1.04 - 1.14)
ons_noncoviddeath
White	11167732	52041	 292736347	0.18	1.00		1.00		1.00		1.00		1.00
South Asian	1027588	1814	  26975193	0.07	0.85	(0.81 - 0.89)	0.83	(0.79 - 0.87)
Black	343102	655	   9005815	0.07	0.85	(0.79 - 0.92)	0.82	(0.76 - 0.89)
Mixed	172211	204	   4522898	0.05	0.84	(0.73 - 0.96)	0.81	(0.70 - 0.92)
Other	324371	330	   8520038	0.04	0.69	(0.62 - 0.77)	0.66	(0.59 - 0.73)
Unknown	4352611	22717	 114056229	0.20	1.20	(1.18 - 1.22)	1.20	(1.18 - 1.22)
onsdeath
White	11167732	59691	 292736347	0.20	1.00		1.00		1.00		1.00		1.00
South Asian	1027588	2552	  26975193	0.09	0.95	(0.91 - 0.99)	0.97	(0.93 - 1.01)
Black	343102	921	   9005815	0.10	0.98	(0.91 - 1.04)	0.98	(0.92 - 1.05)
Mixed	172211	272	   4522898	0.06	0.94	(0.84 - 1.06)	0.93	(0.83 - 1.05)
Other	324371	444	   8520038	0.05	0.79	(0.71 - 0.86)	0.77	(0.70 - 0.85)
Unknown	4352611	25739	 114056229	0.23	1.19	(1.18 - 1.21)	1.18	(1.17 - 1.20)
