Table 3: Regional breakdown of ethnicity and COVID-19 death
	Total	White	South Asian	Black	Mixed	Other	Unknown

1	 1.74e+07 (100.0)	 1.12e+07 (100.0)	  1027588 (100.0)	  343,102 (100.0)	  172,211 (100.0)	  324,371 (100.0)	  4352611 (100.0)	

Region of England
1	  4042130 (23.2)	  2695983 (24.1)	  163,380 (15.9)	   81,606 (23.8)	   40,515 (23.5)	   60,466 (18.6)	  1000180 (23.0)	
2	  3043667 (17.5)	  2016837 (18.1)	  197,764 (19.2)	   56,492 (16.5)	   27,899 (16.2)	   49,415 (15.2)	  695,260 (16.0)	
3	  1190921 (6.8)	  554,953 (5.0)	  242,874 (23.6)	   86,449 (25.2)	   34,220 (19.9)	   89,266 (27.5)	  183,159 (4.2)	
4	  801,681 (4.6)	  559,820 (5.0)	   27,526 (2.7)	   10,538 (3.1)	    6,082 (3.5)	   13,220 (4.1)	  184,495 (4.2)	
5	  1543293 (8.9)	  1101479 (9.9)	   38,693 (3.8)	    8,656 (2.5)	    6,202 (3.6)	   15,752 (4.9)	  372,511 (8.6)	
6	  1159850 (6.7)	  699,027 (6.3)	   31,039 (3.0)	   12,779 (3.7)	   11,129 (6.5)	   22,020 (6.8)	  383,856 (8.8)	
7	  2422661 (13.9)	  1560186 (14.0)	   35,882 (3.5)	   12,364 (3.6)	   14,202 (8.2)	   23,136 (7.1)	  776,891 (17.8)	
8	  701,482 (4.0)	  376,384 (3.4)	  101,307 (9.9)	   39,147 (11.4)	   12,497 (7.3)	   17,923 (5.5)	  154,224 (3.5)	

COVID-19 deaths by region
Region of England
1	    2,840 (24.0)	    1,789 (23.4)	       90 (12.2)	       43 (16.2)	       13 (19.1)	       19 (16.7)	      886 (29.3)	
2	    2,126 (17.9)	    1,430 (18.7)	      162 (22.0)	       39 (14.7)	        7 (10.3)	       10 (8.8)	      478 (15.8)	
3	      938 (7.9)	      394 (5.2)	      238 (32.2)	      110 (41.4)	       32 (47.1)	       59 (51.8)	      105 (3.5)	
4	      689 (5.8)	      526 (6.9)	        9 (1.2)	        9 (3.4)	        3 (4.4)	        6 (5.3)	      136 (4.5)	
5	    1,299 (11.0)	      999 (13.1)	       21 (2.8)	        2 (0.8)	        3 (4.4)	        3 (2.6)	      271 (9.0)	
6	      543 (4.6)	      301 (3.9)	       11 (1.5)	        5 (1.9)	        0 (0.0)	        3 (2.6)	      223 (7.4)	
7	      984 (8.3)	      586 (7.7)	       10 (1.4)	        6 (2.3)	        0 (0.0)	        2 (1.8)	      380 (12.6)	
8	      718 (6.1)	      438 (5.7)	       74 (10.0)	       37 (13.9)	        5 (7.4)	        5 (4.4)	      159 (5.3)	

All deaths by region
Region of England
1	   20,470 (22.8)	   13,431 (22.5)	      291 (11.4)	      149 (16.2)	       54 (19.9)	       75 (16.9)	    6,470 (25.1)	
2	   15,982 (17.8)	   11,230 (18.8)	      577 (22.6)	      151 (16.4)	       36 (13.2)	       92 (20.7)	    3,896 (15.1)	
3	    3,642 (4.1)	    1,965 (3.3)	      706 (27.7)	      309 (33.6)	       77 (28.3)	      150 (33.8)	      435 (1.7)	
4	    4,545 (5.1)	    3,485 (5.8)	       55 (2.2)	       29 (3.1)	        6 (2.2)	       18 (4.1)	      952 (3.7)	
5	    9,003 (10.0)	    6,806 (11.4)	       70 (2.7)	       11 (1.2)	        8 (2.9)	       14 (3.2)	    2,094 (8.1)	
6	    5,941 (6.6)	    3,320 (5.6)	       49 (1.9)	       15 (1.6)	       11 (4.0)	       15 (3.4)	    2,531 (9.8)	
7	   13,133 (14.7)	    7,848 (13.1)	       57 (2.2)	       28 (3.0)	       14 (5.1)	       22 (5.0)	    5,164 (20.1)	
8	    3,898 (4.3)	    2,556 (4.3)	      266 (10.4)	      148 (16.1)	       30 (11.0)	       26 (5.9)	      872 (3.4)	

