Table 1: Demographic and Clinical Characteristics
	Total	British	Irish	Other White	Indian	Pakistani	Bangladeshi	Caribbean	African	Chinese	All mixed	All Other	Unknown

1	 1.63e+07 (100.0)	  9588581 (100.0)	   79,279 (100.0)	  1350734 (100.0)	  435,896 (100.0)	  302,775 (100.0)	   70,201 (100.0)	   83,167 (100.0)	  192,185 (100.0)	  105,432 (100.0)	  172,188 (100.0)	  511,984 (100.0)	  3416823 (100.0)	

Age (years)
Mean (SD)	49.8 (18.6)	52.4 (18.3)	53.8 (18.7)	42.9 (15.8)	44.9 (15.9)	41.4 (15.2)	39.9 (14.0)	50.8 (17.8)	41.2 (13.7)	37.7 (15.2)	40.0 (14.9)	41.9 (14.8)	48.9 (20.1)	
Median (IQR)	49.0 (34.0-64.0)	53.0 (37.0-67.0)	53.0 (38.0-70.0)	39.0 (31.0-52.0)	42.0 (33.0-55.0)	39.0 (30.0-50.0)	38.0 (30.0-47.0)	51.0 (37.0-62.0)	41.0 (31.0-50.0)	33.0 (25.0-47.0)	38.0 (28.0-49.0)	40.0 (31.0-51.0)	49.0 (31.0-64.0)	

Grouped age
1	  2726267 (16.7)	  1257604 (13.1)	    8,477 (10.7)	  268,500 (19.9)	   68,249 (15.7)	   68,857 (22.7)	   16,671 (23.7)	   11,471 (13.8)	   41,817 (21.8)	   42,023 (39.9)	   48,409 (28.1)	  110,061 (21.5)	  784,128 (22.9)	
2	  2841799 (17.4)	  1426937 (14.9)	   13,412 (16.9)	  410,798 (30.4)	  122,617 (28.1)	   85,798 (28.3)	   20,825 (29.7)	   12,865 (15.5)	   47,702 (24.8)	   24,326 (23.1)	   45,741 (26.6)	  137,692 (26.9)	  493,086 (14.4)	
3	  2721735 (16.7)	  1523033 (15.9)	   12,565 (15.8)	  282,613 (20.9)	   98,440 (22.6)	   70,785 (23.4)	   18,342 (26.1)	   13,767 (16.6)	   52,748 (27.4)	   16,637 (15.8)	   35,194 (20.4)	  124,014 (24.2)	  473,597 (13.9)	
4	  2881436 (17.7)	  1850845 (19.3)	   13,056 (16.5)	  173,052 (12.8)	   61,091 (14.0)	   36,626 (12.1)	    7,788 (11.1)	   20,648 (24.8)	   32,166 (16.7)	   10,840 (10.3)	   24,384 (14.2)	   75,179 (14.7)	  575,761 (16.9)	
5	  2261177 (13.9)	  1537405 (16.0)	   11,922 (15.0)	  107,893 (8.0)	   47,884 (11.0)	   24,384 (8.1)	    3,905 (5.6)	   11,536 (13.9)	   11,583 (6.0)	    7,197 (6.8)	   10,956 (6.4)	   38,000 (7.4)	  448,512 (13.1)	
6	  1829596 (11.2)	  1303712 (13.6)	   12,313 (15.5)	   70,089 (5.2)	   24,800 (5.7)	    9,471 (3.1)	    1,516 (2.2)	    6,274 (7.5)	    4,431 (2.3)	    3,015 (2.9)	    4,983 (2.9)	   18,668 (3.6)	  370,324 (10.8)	
7	  1047235 (6.4)	  689,045 (7.2)	    7,534 (9.5)	   37,789 (2.8)	   12,815 (2.9)	    6,854 (2.3)	    1,154 (1.6)	    6,606 (7.9)	    1,738 (0.9)	    1,394 (1.3)	    2,521 (1.5)	    8,370 (1.6)	  271,415 (7.9)	

Male
0	  8221194 (50.4)	  5008546 (52.2)	   40,057 (50.5)	  688,893 (51.0)	  205,267 (47.1)	  145,705 (48.1)	   32,933 (46.9)	   43,584 (52.4)	   93,718 (48.8)	   55,199 (52.4)	   88,632 (51.5)	  250,064 (48.8)	  1568596 (45.9)	
1	  8088051 (49.6)	  4580035 (47.8)	   39,222 (49.5)	  661,841 (49.0)	  230,629 (52.9)	  157,070 (51.9)	   37,268 (53.1)	   39,583 (47.6)	   98,467 (51.2)	   50,233 (47.6)	   83,556 (48.5)	  261,920 (51.2)	  1848227 (54.1)	

Number of GP consultations in the 12 months prior to baseline
Mean (SD)	6.0 (8.6)	6.7 (9.2)	6.5 (9.6)	4.0 (7.1)	5.8 (8.3)	6.9 (9.4)	6.5 (8.5)	6.5 (8.6)	4.9 (7.7)	2.2 (4.9)	5.2 (8.4)	4.9 (8.0)	4.8 (7.0)	
Median (IQR)	3.0 (1.0-8.0)	4.0 (1.0-9.0)	4.0 (0.0-9.0)	1.0 (0.0-5.0)	3.0 (0.0-8.0)	4.0 (1.0-10.0)	4.0 (1.0-9.0)	4.0 (1.0-9.0)	2.0 (0.0-7.0)	0.0 (0.0-2.0)	2.0 (0.0-7.0)	2.0 (0.0-7.0)	2.0 (0.0-7.0)	

Index of Multiple Deprivation (IMD)
1	  3337759 (20.5)	  2181174 (22.7)	   15,036 (19.0)	  175,355 (13.0)	   50,259 (11.5)	   12,458 (4.1)	    3,295 (4.7)	    5,250 (6.3)	   12,815 (6.7)	   20,151 (19.1)	   22,824 (13.3)	   53,330 (10.4)	  785,812 (23.0)	
2	  3350505 (20.5)	  2097477 (21.9)	   17,357 (21.9)	  252,491 (18.7)	   62,699 (14.4)	   20,392 (6.7)	    5,460 (7.8)	    8,996 (10.8)	   19,982 (10.4)	   23,031 (21.8)	   28,525 (16.6)	   76,367 (14.9)	  737,728 (21.6)	
3	  3314458 (20.3)	  1960815 (20.4)	   17,426 (22.0)	  278,670 (20.6)	  100,923 (23.2)	   38,747 (12.8)	   10,713 (15.3)	   15,211 (18.3)	   31,839 (16.6)	   22,641 (21.5)	   33,504 (19.5)	  102,363 (20.0)	  701,606 (20.5)	
4	  3267597 (20.0)	  1765211 (18.4)	   16,399 (20.7)	  333,839 (24.7)	  140,958 (32.3)	   79,017 (26.1)	   20,499 (29.2)	   22,488 (27.0)	   51,985 (27.0)	   23,070 (21.9)	   40,772 (23.7)	  136,620 (26.7)	  636,739 (18.6)	
5	  2903133 (17.8)	  1498431 (15.6)	   12,432 (15.7)	  299,315 (22.2)	   76,551 (17.6)	  150,820 (49.8)	   29,815 (42.5)	   30,649 (36.9)	   73,419 (38.2)	   15,060 (14.3)	   44,731 (26.0)	  138,480 (27.0)	  533,430 (15.6)	

Number of people in household
1	  7129375 (43.7)	  4687799 (48.9)	   41,195 (52.0)	  494,391 (36.6)	   98,830 (22.7)	   42,844 (14.2)	    9,445 (13.5)	   38,649 (46.5)	   56,800 (29.6)	   46,934 (44.5)	   63,226 (36.7)	  159,049 (31.1)	  1390213 (40.7)	
2	  5791501 (35.5)	  3249424 (33.9)	   24,026 (30.3)	  523,545 (38.8)	  198,049 (45.4)	  113,928 (37.6)	   29,281 (41.7)	   30,533 (36.7)	   80,011 (41.6)	   33,085 (31.4)	   70,232 (40.8)	  205,897 (40.2)	  1233490 (36.1)	
3	  945,301 (5.8)	  298,254 (3.1)	    3,833 (4.8)	  148,376 (11.0)	   73,307 (16.8)	   89,877 (29.7)	   20,274 (28.9)	    5,499 (6.6)	   34,749 (18.1)	    8,652 (8.2)	   18,228 (10.6)	   80,231 (15.7)	  164,021 (4.8)	
4	  211,374 (1.3)	   72,177 (0.8)	    1,457 (1.8)	   39,071 (2.9)	   19,313 (4.4)	   11,621 (3.8)	    2,124 (3.0)	      744 (0.9)	    4,702 (2.4)	    7,592 (7.2)	    3,611 (2.1)	   16,801 (3.3)	   32,161 (0.9)	
.	        0 (0.0)	        0 (0.0)	        0 (0.0)	        0 (0.0)	        0 (0.0)	        0 (0.0)	        0 (0.0)	        0 (0.0)	        0 (0.0)	        0 (0.0)	        0 (0.0)	        0 (0.0)	        0 (0.0)	

Care home y/n
0	 1.62e+07 (99.6)	  9536543 (99.5)	   78,702 (99.3)	  1347843 (99.8)	  435,538 (99.9)	  302,675 (100.0)	   70,187 (100.0)	   82,893 (99.7)	  191,994 (99.9)	  105,361 (99.9)	  171,957 (99.9)	  511,402 (99.9)	  3401192 (99.5)	
1	   72,958 (0.4)	   52,038 (0.5)	      577 (0.7)	    2,891 (0.2)	      358 (0.1)	      100 (0.0)	       14 (0.0)	      274 (0.3)	      191 (0.1)	       71 (0.1)	      231 (0.1)	      582 (0.1)	   15,631 (0.5)	

Smoking status (missing set to non)
1	  8113460 (49.7)	  4285717 (44.7)	   32,947 (41.6)	  631,263 (46.7)	  339,360 (77.9)	  211,587 (69.9)	   46,503 (66.2)	   44,062 (53.0)	  146,881 (76.4)	   83,447 (79.1)	   97,436 (56.6)	  331,283 (64.7)	  1862974 (54.5)	
2	  5416241 (33.2)	  3679805 (38.4)	   31,711 (40.0)	  384,245 (28.4)	   62,574 (14.4)	   47,464 (15.7)	   12,385 (17.6)	   22,493 (27.0)	   28,039 (14.6)	   12,614 (12.0)	   40,257 (23.4)	   98,302 (19.2)	  996,352 (29.2)	
3	  2779544 (17.0)	  1623059 (16.9)	   14,621 (18.4)	  335,226 (24.8)	   33,962 (7.8)	   43,724 (14.4)	   11,313 (16.1)	   16,612 (20.0)	   17,265 (9.0)	    9,371 (8.9)	   34,495 (20.0)	   82,399 (16.1)	  557,497 (16.3)	

Body Mass Index (BMI, kg/m2)
Mean (SD)	27.4 (5.7)	27.6 (5.7)	26.9 (5.3)	26.2 (5.4)	26.3 (4.9)	27.5 (5.6)	26.2 (4.7)	28.4 (5.9)	27.9 (5.6)	22.9 (3.9)	26.8 (5.7)	26.4 (5.2)	27.7 (5.9)	
Median (IQR)	26.5 (23.4-30.5)	26.7 (23.5-30.7)	26.2 (23.1-29.8)	25.3 (22.3-29.1)	25.7 (22.9-29.0)	26.9 (23.7-30.6)	25.7 (23.1-28.7)	27.6 (24.3-31.6)	27.2 (23.9-31.1)	22.3 (20.1-24.9)	25.8 (22.7-29.8)	25.7 (22.7-29.2)	26.9 (23.4-31.0)	

Obesity with SA categories
1	 1.26e+07 (77.3)	  7220968 (75.3)	   62,552 (78.9)	  1125218 (83.3)	  310,768 (71.3)	  190,574 (62.9)	   51,300 (73.1)	   59,319 (71.3)	  145,558 (75.7)	  101,494 (96.3)	  139,272 (80.9)	  400,432 (78.2)	  2795786 (81.8)	
2	  2351595 (14.4)	  1490545 (15.5)	   11,305 (14.3)	  148,977 (11.0)	   87,944 (20.2)	   70,562 (23.3)	   13,700 (19.5)	   14,559 (17.5)	   30,217 (15.7)	    3,014 (2.9)	   20,888 (12.1)	   77,345 (15.1)	  382,539 (11.2)	
3	  904,383 (5.5)	  581,785 (6.1)	    3,747 (4.7)	   52,263 (3.9)	   26,882 (6.2)	   28,744 (9.5)	    3,858 (5.5)	    6,020 (7.2)	   11,393 (5.9)	      646 (0.6)	    7,915 (4.6)	   24,414 (4.8)	  156,716 (4.6)	
4	  450,026 (2.8)	  295,283 (3.1)	    1,675 (2.1)	   24,276 (1.8)	   10,302 (2.4)	   12,895 (4.3)	    1,343 (1.9)	    3,269 (3.9)	    5,017 (2.6)	      278 (0.3)	    4,113 (2.4)	    9,793 (1.9)	   81,782 (2.4)	

HbA1c %
Mean (SD)	5.9 (1.0)	5.9 (1.0)	5.8 (0.9)	5.7 (0.9)	6.1 (1.1)	6.2 (1.3)	6.3 (1.3)	6.2 (1.3)	6.0 (1.2)	5.9 (0.8)	5.9 (1.1)	5.9 (1.1)	5.9 (1.0)	
Median (IQR)	5.6 (5.4-6.0)	5.6 (5.4-6.0)	5.6 (5.4-5.9)	5.5 (5.3-5.9)	5.8 (5.4-6.3)	5.8 (5.4-6.4)	5.9 (5.5-6.5)	5.9 (5.5-6.4)	5.7 (5.4-6.1)	5.7 (5.4-6.0)	5.6 (5.4-6.0)	5.7 (5.4-6.1)	5.6 (5.4-6.1)	

HbA1c mmo/mol
Mean (SD)	40.9 (96.4)	40.5 (61.9)	39.9 (9.8)	39.3 (77.5)	43.1 (12.4)	45.0 (235.3)	54.2 (659.6)	43.8 (13.9)	42.1 (136.1)	40.4 (9.3)	40.5 (12.0)	41.7 (110.8)	41.5 (121.6)	
Median (IQR)	38.0 (35.0-42.0)	38.0 (35.0-42.0)	38.0 (35.0-41.0)	37.0 (34.0-41.0)	40.0 (36.0-45.0)	40.0 (36.0-46.0)	41.0 (37.0-48.0)	41.0 (37.0-46.0)	39.0 (35.0-43.0)	39.0 (36.0-42.0)	38.0 (35.0-42.0)	39.0 (35.0-43.0)	38.0 (35.0-43.0)	

Diabetes Type
0	 1.47e+07 (90.0)	  8629847 (90.0)	   70,574 (89.0)	  1271640 (94.1)	  350,753 (80.5)	  245,273 (81.0)	   55,547 (79.1)	   64,593 (77.7)	  169,786 (88.3)	  100,167 (95.0)	  157,467 (91.5)	  448,623 (87.6)	  3117658 (91.2)	
1	   83,495 (0.5)	   55,844 (0.6)	      352 (0.4)	    4,659 (0.3)	    1,112 (0.3)	      872 (0.3)	      126 (0.2)	      422 (0.5)	      698 (0.4)	       83 (0.1)	      646 (0.4)	    1,248 (0.2)	   17,433 (0.5)	
2	  1177716 (7.2)	  704,838 (7.4)	    5,266 (6.6)	   51,305 (3.8)	   59,151 (13.6)	   43,767 (14.5)	   10,990 (15.7)	   12,570 (15.1)	   14,188 (7.4)	    3,436 (3.3)	    9,710 (5.6)	   40,010 (7.8)	  222,485 (6.5)	
3	  366,106 (2.2)	  198,052 (2.1)	    3,087 (3.9)	   23,130 (1.7)	   24,880 (5.7)	   12,863 (4.2)	    3,538 (5.0)	    5,582 (6.7)	    7,513 (3.9)	    1,746 (1.7)	    4,365 (2.5)	   22,103 (4.3)	   59,247 (1.7)	

Diabetes type (Exeter definition)
0	 1.51e+07 (92.3)	  8833348 (92.1)	   73,737 (93.0)	  1295764 (95.9)	  376,391 (86.3)	  258,632 (85.4)	   59,254 (84.4)	   70,279 (84.5)	  177,545 (92.4)	  101,945 (96.7)	  161,985 (94.1)	  471,429 (92.1)	  3180048 (93.1)	
1	   72,755 (0.4)	   49,009 (0.5)	      290 (0.4)	    3,793 (0.3)	      931 (0.2)	      804 (0.3)	      127 (0.2)	      304 (0.4)	      563 (0.3)	       68 (0.1)	      558 (0.3)	    1,015 (0.2)	   15,293 (0.4)	
2	  1176133 (7.2)	  706,224 (7.4)	    5,252 (6.6)	   51,177 (3.8)	   58,574 (13.4)	   43,339 (14.3)	   10,820 (15.4)	   12,584 (15.1)	   14,077 (7.3)	    3,419 (3.2)	    9,645 (5.6)	   39,540 (7.7)	  221,482 (6.5)	

Systolic BP
Mean (SD)	88.0 (126.0)	96.2 (154.8)	91.2 (59.9)	70.0 (64.2)	81.1 (61.0)	84.0 (58.5)	83.4 (68.0)	96.1 (58.5)	78.2 (62.5)	44.8 (59.0)	74.8 (61.8)	74.1 (61.7)	78.1 (65.2)	
Median (IQR)	120.0 (0.0-133.0)	121.0 (0.0-135.0)	120.0 (0.0-134.0)	107.0 (0.0-128.0)	113.0 (0.0-130.0)	113.0 (0.0-128.0)	111.0 (0.0-126.0)	122.0 (0.0-136.0)	112.0 (0.0-130.0)	0.0 (0.0-112.0)	110.0 (0.0-127.0)	110.0 (0.0-126.0)	114.0 (0.0-132.0)	

Diastolic BP
Mean (SD)	52.7 (36.7)	57.3 (34.7)	54.1 (35.7)	42.8 (38.8)	49.8 (37.5)	52.1 (36.3)	52.1 (36.2)	58.1 (35.5)	48.3 (38.7)	27.8 (36.6)	46.2 (38.3)	45.9 (38.2)	46.4 (38.3)	
Median (IQR)	70.0 (0.0-80.0)	72.0 (0.0-80.0)	70.0 (0.0-80.0)	64.0 (0.0-78.0)	70.0 (0.0-80.0)	70.0 (0.0-80.0)	70.0 (0.0-80.0)	74.0 (0.0-82.0)	70.0 (0.0-80.0)	0.0 (0.0-70.0)	68.0 (0.0-79.0)	68.0 (0.0-79.0)	68.0 (0.0-80.0)	

Mean Arterial Pressure
Mean (SD)	64.5 (57.7)	70.3 (63.7)	66.4 (43.5)	51.8 (47.0)	60.2 (45.1)	62.7 (43.5)	62.6 (44.8)	70.8 (42.8)	58.3 (46.4)	33.5 (44.0)	55.7 (45.9)	55.3 (45.9)	57.0 (46.9)	
Median (IQR)	87.7 (0.0-97.0)	90.0 (0.0-98.0)	88.3 (0.0-97.3)	80.0 (0.0-94.0)	85.7 (0.0-95.7)	85.7 (0.0-95.0)	85.0 (0.0-94.7)	91.0 (0.0-99.2)	84.7 (0.0-96.3)	0.0 (0.0-85.0)	82.7 (0.0-94.3)	82.3 (0.0-94.3)	84.7 (0.0-96.3)	



Count of co-morbid conditions
Mean (SD)	1.5 (0.8)	1.6 (0.9)	1.6 (0.9)	1.3 (0.6)	1.4 (0.7)	1.3 (0.7)	1.3 (0.6)	1.6 (0.8)	1.3 (0.6)	1.1 (0.4)	1.2 (0.6)	1.3 (0.6)	1.5 (0.8)	
Median (IQR)	1.0 (1.0-2.0)	1.0 (1.0-2.0)	1.0 (1.0-2.0)	1.0 (1.0-1.0)	1.0 (1.0-2.0)	1.0 (1.0-1.0)	1.0 (1.0-1.0)	1.0 (1.0-2.0)	1.0 (1.0-1.0)	1.0 (1.0-1.0)	1.0 (1.0-1.0)	1.0 (1.0-1.0)	1.0 (1.0-2.0)	

Diagnosed hypertension	  3509568 (21.5)	  2291076 (23.9)	   19,889 (25.1)	  168,670 (12.5)	   85,118 (19.5)	   45,664 (15.1)	   10,231 (14.6)	   26,415 (31.8)	   31,873 (16.6)	    7,304 (6.9)	   20,886 (12.1)	   69,471 (13.6)	  732,971 (21.5)	

High blood pressure or hypertension diagnosis	  5002280 (30.7)	  3279858 (34.2)	   27,173 (34.3)	  265,777 (19.7)	  112,751 (25.9)	   64,125 (21.2)	   14,222 (20.3)	   33,059 (39.8)	   45,471 (23.7)	   10,585 (10.0)	   32,011 (18.6)	   99,978 (19.5)	  1017270 (29.8)	

Chronic Cardiac Diseases	  1135479 (7.0)	  764,596 (8.0)	    6,994 (8.8)	   49,035 (3.6)	   24,890 (5.7)	   17,603 (5.8)	    3,323 (4.7)	    5,233 (6.3)	    4,068 (2.1)	    1,446 (1.4)	    4,789 (2.8)	   16,904 (3.3)	  236,598 (6.9)	

Stroke	  358,948 (2.2)	  244,633 (2.6)	    2,419 (3.1)	   14,622 (1.1)	    5,838 (1.3)	    3,907 (1.3)	      791 (1.1)	    2,173 (2.6)	    1,556 (0.8)	      489 (0.5)	    1,535 (0.9)	    4,482 (0.9)	   76,503 (2.2)	

CKD defined by egfr<60	  937,019 (5.7)	  631,873 (6.6)	    5,494 (6.9)	   33,207 (2.5)	   13,638 (3.1)	    8,850 (2.9)	    1,635 (2.3)	    8,398 (10.1)	    4,489 (2.3)	      982 (0.9)	    3,835 (2.2)	   10,285 (2.0)	  214,333 (6.3)	

end stage renal failure	   23,702 (0.1)	   13,598 (0.1)	      112 (0.1)	    1,022 (0.1)	    1,081 (0.2)	      799 (0.3)	      135 (0.2)	      328 (0.4)	      389 (0.2)	       83 (0.1)	      220 (0.1)	      819 (0.2)	    5,116 (0.1)	

Cancer	  924,559 (5.7)	  645,168 (6.7)	    5,753 (7.3)	   42,401 (3.1)	    9,459 (2.2)	    5,388 (1.8)	      899 (1.3)	    4,475 (5.4)	    3,192 (1.7)	    1,775 (1.7)	    3,749 (2.2)	   10,672 (2.1)	  191,628 (5.6)	

Autoimmune disease	  843,284 (5.2)	  575,030 (6.0)	    5,132 (6.5)	   42,506 (3.1)	   16,720 (3.8)	   11,645 (3.8)	    2,697 (3.8)	    2,701 (3.2)	    2,632 (1.4)	    1,782 (1.7)	    5,036 (2.9)	   13,839 (2.7)	  163,564 (4.8)	

Immunosuppressed (perm or temp)	   88,705 (0.5)	   48,253 (0.5)	      549 (0.7)	    6,003 (0.4)	    1,984 (0.5)	    1,358 (0.4)	      206 (0.3)	    1,338 (1.6)	    7,359 (3.8)	      239 (0.2)	    2,145 (1.2)	    3,752 (0.7)	   15,519 (0.5)	

Chronic liver disease	   99,793 (0.6)	   62,779 (0.7)	      779 (1.0)	    7,074 (0.5)	    2,071 (0.5)	    2,048 (0.7)	      342 (0.5)	      401 (0.5)	    2,115 (1.1)	    1,184 (1.1)	      904 (0.5)	    3,061 (0.6)	   17,035 (0.5)	

Dementia	   41,748 (0.3)	   28,612 (0.3)	      403 (0.5)	    1,565 (0.1)	      590 (0.1)	      379 (0.1)	      108 (0.2)	      403 (0.5)	      125 (0.1)	       47 (0.0)	      125 (0.1)	      430 (0.1)	    8,961 (0.3)	

Neurological disease	  165,129 (1.0)	  113,526 (1.2)	      877 (1.1)	    7,207 (0.5)	    2,540 (0.6)	    2,138 (0.7)	      272 (0.4)	      827 (1.0)	      743 (0.4)	      213 (0.2)	      922 (0.5)	    2,338 (0.5)	   33,526 (1.0)	

Asthma category	 1.63e+07 (100.0)	  9588581 (100.0)	   79,279 (100.0)	  1350734 (100.0)	  435,896 (100.0)	  302,775 (100.0)	   70,201 (100.0)	   83,167 (100.0)	  192,185 (100.0)	  105,432 (100.0)	  172,188 (100.0)	  511,984 (100.0)	  3416823 (100.0)	

Chronic Respiratory Diseases	  686,854 (4.2)	  502,688 (5.2)	    5,475 (6.9)	   27,804 (2.1)	    7,046 (1.6)	    6,573 (2.2)	    1,086 (1.5)	    2,371 (2.9)	    1,674 (0.9)	      572 (0.5)	    2,307 (1.3)	    6,825 (1.3)	  122,433 (3.6)	

BP med in last 12 months	 1.63e+07 (100.0)	  9588581 (100.0)	   79,279 (100.0)	  1350734 (100.0)	  435,896 (100.0)	  302,775 (100.0)	   70,201 (100.0)	   83,167 (100.0)	  192,185 (100.0)	  105,432 (100.0)	  172,188 (100.0)	  511,984 (100.0)	  3416823 (100.0)	

Statin in last 12 months	  2759012 (16.9)	  1837671 (19.2)	   16,904 (21.3)	  118,906 (8.8)	   77,204 (17.7)	   51,181 (16.9)	   12,823 (18.3)	   14,848 (17.9)	   13,976 (7.3)	    4,861 (4.6)	   12,831 (7.5)	   54,896 (10.7)	  542,911 (15.9)	

Insulin in last 12 months	  244,589 (1.5)	  155,699 (1.6)	      938 (1.2)	   11,260 (0.8)	    7,719 (1.8)	    7,029 (2.3)	    1,637 (2.3)	    2,459 (3.0)	    2,384 (1.2)	      390 (0.4)	    1,931 (1.1)	    5,751 (1.1)	   47,392 (1.4)	

