char	Infected_pop	ae0	ae1

1	   92,268 (100.0)	   58,029 (100.0)	   34,239 (100.0)	

Age (years)
Mean (SD)	56.5 (21.0)	50.9 (19.7)	66.1 (19.7)	
Median (IQR)	55.0 (40.0-75.0)	49.0 (35.0-63.0)	70.0 (52.0-83.0)	

Male
1	   39,655 (43.0)	   22,646 (39.0)	   17,009 (49.7)	

Eth 5 categories
1	   57,891 (62.7)	   35,010 (60.3)	   22,881 (66.8)	
2	   12,021 (13.0)	    8,976 (15.5)	    3,045 (8.9)	
3	    2,851 (3.1)	    1,728 (3.0)	    1,123 (3.3)	
4	    1,076 (1.2)	      719 (1.2)	      357 (1.0)	
5	    1,578 (1.7)	    1,025 (1.8)	      553 (1.6)	
6	   16,851 (18.3)	   10,571 (18.2)	    6,280 (18.3)	

Eth 16 collapsed
1	   51,449 (55.8)	   30,653 (52.8)	   20,796 (60.7)	
2	      498 (0.5)	      237 (0.4)	      261 (0.8)	
3	    5,944 (6.4)	    4,120 (7.1)	    1,824 (5.3)	
4	    4,973 (5.4)	    3,690 (6.4)	    1,283 (3.7)	
5	    4,316 (4.7)	    3,427 (5.9)	      889 (2.6)	
6	      469 (0.5)	      319 (0.5)	      150 (0.4)	
7	      696 (0.8)	      313 (0.5)	      383 (1.1)	
8	    1,700 (1.8)	    1,127 (1.9)	      573 (1.7)	
9	      197 (0.2)	      132 (0.2)	       65 (0.2)	
10	    1,076 (1.2)	      719 (1.2)	      357 (1.0)	
11	    4,099 (4.4)	    2,721 (4.7)	    1,378 (4.0)	
12	   16,851 (18.3)	   10,571 (18.2)	    6,280 (18.3)	

Number of GP consultations in the 12 months prior to baseline
Mean (SD)	9.4 (12.7)	7.6 (10.3)	12.4 (15.4)	
Median (IQR)	6.0 (2.0-12.0)	5.0 (2.0-10.0)	8.0 (3.0-16.0)	

Index of Multiple Deprivation (IMD)
1	   14,778 (16.0)	    9,276 (16.0)	    5,502 (16.1)	
2	   16,455 (17.8)	   10,282 (17.7)	    6,173 (18.0)	
3	   17,621 (19.1)	   11,042 (19.0)	    6,579 (19.2)	
4	   20,619 (22.3)	   12,807 (22.1)	    7,812 (22.8)	
5	   22,033 (23.9)	   14,094 (24.3)	    7,939 (23.2)	

Number of people in household
1	   36,576 (39.6)	   18,981 (32.7)	   17,595 (51.4)	
2	   29,897 (32.4)	   22,004 (37.9)	    7,893 (23.1)	
3	    6,236 (6.8)	    4,539 (7.8)	    1,697 (5.0)	
4	    2,009 (2.2)	    1,281 (2.2)	      728 (2.1)	
.	        0 (0.0)	        0 (0.0)	        0 (0.0)	

Care home y/n
0	   85,473 (92.6)	   54,029 (93.1)	   31,444 (91.8)	
1	    6,795 (7.4)	    4,000 (6.9)	    2,795 (8.2)	

Body Mass Index (BMI, kg/m2)
Mean (SD)	28.2 (6.2)	28.0 (6.1)	28.6 (6.3)	
Median (IQR)	27.4 (23.8-31.8)	27.1 (23.6-31.5)	27.8 (24.1-32.3)	

HbA1c %
Mean (SD)	6.1 (1.3)	6.0 (1.1)	6.3 (1.4)	
Median (IQR)	5.7 (5.4-6.3)	5.6 (5.4-6.1)	5.9 (5.5-6.5)	

HbA1c mmo/mol
Mean (SD)	43.3 (14.0)	41.6 (12.5)	45.5 (15.4)	
Median (IQR)	39.0 (36.0-45.0)	38.0 (35.0-43.0)	41.0 (37.0-48.0)	

Count of co-morbid conditions
Mean (SD)	1.9 (1.2)	1.6 (1.0)	2.4 (1.3)	
Median (IQR)	2.0 (1.0-3.0)	1.0 (1.0-2.0)	2.0 (1.0-3.0)	

Diabetes Type
0	   73,731 (79.9)	   49,739 (85.7)	   23,992 (70.1)	
1	      741 (0.8)	      339 (0.6)	      402 (1.2)	
2	   14,659 (15.9)	    6,342 (10.9)	    8,317 (24.3)	
3	    3,137 (3.4)	    1,609 (2.8)	    1,528 (4.5)	

