Table 1: Demographic and Clinical Characteristics
	Total	White	South Asian	Black	Mixed	Other	Unknown

1	 1.63e+07 (100.0)	 1.10e+07 (100.0)	  1032959 (100.0)	  344,176 (100.0)	  172,188 (100.0)	  324,505 (100.0)	  3416823 (100.0)	

SGSS data	  1125444 (6.9)	  784,988 (7.1)	   79,726 (7.7)	   24,034 (7.0)	   11,446 (6.6)	   15,194 (4.7)	  210,056 (6.1)	
ICNARC data	  1125444 (6.9)	  784,988 (7.1)	   79,726 (7.7)	   24,034 (7.0)	   11,446 (6.6)	   15,194 (4.7)	  210,056 (6.1)	
Age (years)
Mean (SD)	49.8 (18.6)	51.3 (18.3)	42.9 (15.4)	43.8 (15.5)	40.0 (14.9)	40.2 (15.0)	48.9 (20.1)	
Median (IQR)	49.0 (34.0-64.0)	51.0 (36.0-65.0)	40.0 (32.0-52.0)	43.0 (32.0-54.0)	38.0 (28.0-49.0)	38.0 (28.0-49.0)	49.0 (31.0-64.0)	

Grouped age
1	  2726267 (16.7)	  1534581 (13.9)	  199,689 (19.3)	   69,025 (20.1)	   48,409 (28.1)	   90,435 (27.9)	  784,128 (22.9)	
2	  2841799 (17.4)	  1851147 (16.8)	  289,732 (28.0)	   75,396 (21.9)	   45,741 (26.6)	   86,697 (26.7)	  493,086 (14.4)	
3	  2721735 (16.7)	  1818211 (16.5)	  243,440 (23.6)	   82,429 (23.9)	   35,194 (20.4)	   68,864 (21.2)	  473,597 (13.9)	
4	  2881436 (17.7)	  2036953 (18.5)	  137,174 (13.3)	   67,188 (19.5)	   24,384 (14.2)	   39,976 (12.3)	  575,761 (16.9)	
5	  2261177 (13.9)	  1657220 (15.0)	   93,752 (9.1)	   28,160 (8.2)	   10,956 (6.4)	   22,577 (7.0)	  448,512 (13.1)	
6	  1829596 (11.2)	  1386114 (12.6)	   44,656 (4.3)	   12,605 (3.7)	    4,983 (2.9)	   10,914 (3.4)	  370,324 (10.8)	
7	  1047235 (6.4)	  734,368 (6.7)	   24,516 (2.4)	    9,373 (2.7)	    2,521 (1.5)	    5,042 (1.6)	  271,415 (7.9)	

Male
0	  8221194 (50.4)	  5737496 (52.1)	  494,801 (47.9)	  171,688 (49.9)	   88,632 (51.5)	  159,981 (49.3)	  1568596 (45.9)	
1	  8088051 (49.6)	  5281098 (47.9)	  538,158 (52.1)	  172,488 (50.1)	   83,556 (48.5)	  164,524 (50.7)	  1848227 (54.1)	

Number of GP consultations in the 12 months prior to baseline
Mean (SD)	6.0 (8.6)	6.4 (9.0)	6.0 (8.6)	5.4 (8.1)	5.2 (8.4)	3.8 (7.1)	4.8 (7.0)	
Median (IQR)	3.0 (1.0-8.0)	4.0 (1.0-8.0)	3.0 (0.0-8.0)	3.0 (0.0-8.0)	2.0 (0.0-7.0)	1.0 (0.0-5.0)	2.0 (0.0-7.0)	

Index of Multiple Deprivation (IMD)
1	  3337759 (20.5)	  2371565 (21.5)	   90,099 (8.7)	   23,254 (6.8)	   22,824 (13.3)	   44,205 (13.6)	  785,812 (23.0)	
2	  3350505 (20.5)	  2367325 (21.5)	  123,144 (11.9)	   36,723 (10.7)	   28,525 (16.6)	   57,060 (17.6)	  737,728 (21.6)	
3	  3314458 (20.3)	  2256911 (20.5)	  199,865 (19.3)	   58,601 (17.0)	   33,504 (19.5)	   63,971 (19.7)	  701,606 (20.5)	
4	  3267597 (20.0)	  2115449 (19.2)	  302,292 (29.3)	   93,306 (27.1)	   40,772 (23.7)	   79,039 (24.4)	  636,739 (18.6)	
5	  2903133 (17.8)	  1810178 (16.4)	  309,184 (29.9)	  128,930 (37.5)	   44,731 (26.0)	   76,680 (23.6)	  533,430 (15.6)	

Number of people in household
1	  7129375 (43.7)	  5223385 (47.4)	  212,591 (20.6)	  119,412 (34.7)	   63,226 (36.7)	  120,548 (37.1)	  1390213 (40.7)	
2	  5791501 (35.5)	  3796995 (34.5)	  435,038 (42.1)	  136,956 (39.8)	   70,232 (40.8)	  118,790 (36.6)	  1233490 (36.1)	
3	  945,301 (5.8)	  450,463 (4.1)	  221,791 (21.5)	   50,820 (14.8)	   18,228 (10.6)	   39,978 (12.3)	  164,021 (4.8)	
4	  211,374 (1.3)	  112,705 (1.0)	   41,474 (4.0)	    6,864 (2.0)	    3,611 (2.1)	   14,559 (4.5)	   32,161 (0.9)	
.	        0 (0.0)	        0 (0.0)	        0 (0.0)	        0 (0.0)	        0 (0.0)	        0 (0.0)	        0 (0.0)	

Care home y/n
0	 1.62e+07 (99.6)	 1.10e+07 (99.5)	  1032337 (99.9)	  343,602 (99.8)	  171,957 (99.9)	  324,111 (99.9)	  3401192 (99.5)	
1	   72,958 (0.4)	   55,506 (0.5)	      622 (0.1)	      574 (0.2)	      231 (0.1)	      394 (0.1)	   15,631 (0.5)	

Smoking status (missing set to non)
1	  8113460 (49.7)	  4949927 (44.9)	  756,753 (73.3)	  235,356 (68.4)	   97,436 (56.6)	  211,014 (65.0)	  1862974 (54.5)	
2	  5416241 (33.2)	  4095761 (37.2)	  160,456 (15.5)	   63,917 (18.6)	   40,257 (23.4)	   59,498 (18.3)	  996,352 (29.2)	
3	  2779544 (17.0)	  1972906 (17.9)	  115,750 (11.2)	   44,903 (13.0)	   34,495 (20.0)	   53,993 (16.6)	  557,497 (16.3)	

Body Mass Index (BMI, kg/m2)
Mean (SD)	27.4 (5.7)	27.4 (5.7)	26.5 (5.1)	28.0 (5.7)	26.8 (5.7)	25.2 (5.1)	27.7 (5.9)	
Median (IQR)	26.5 (23.4-30.5)	26.6 (23.4-30.5)	26.0 (23.0-29.4)	27.3 (24.0-31.2)	25.8 (22.7-29.8)	24.4 (21.5-28.0)	26.9 (23.4-31.0)	

Obesity with SA categories
1	 1.26e+07 (77.3)	  8408738 (76.3)	  717,642 (69.5)	  256,781 (74.6)	  139,272 (80.9)	  285,022 (87.8)	  2795786 (81.8)	
2	  2351595 (14.4)	  1650827 (15.0)	  214,423 (20.8)	   55,441 (16.1)	   20,888 (12.1)	   27,477 (8.5)	  382,539 (11.2)	
3	  904,383 (5.5)	  637,795 (5.8)	   71,907 (7.0)	   21,580 (6.3)	    7,915 (4.6)	    8,470 (2.6)	  156,716 (4.6)	
4	  450,026 (2.8)	  321,234 (2.9)	   28,987 (2.8)	   10,374 (3.0)	    4,113 (2.4)	    3,536 (1.1)	   81,782 (2.4)	

HbA1c %
Mean (SD)	5.9 (1.0)	5.8 (1.0)	6.1 (1.2)	6.0 (1.2)	5.9 (1.1)	5.8 (1.0)	5.9 (1.0)	
Median (IQR)	5.6 (5.4-6.0)	5.6 (5.4-6.0)	5.8 (5.4-6.3)	5.7 (5.4-6.2)	5.6 (5.4-6.0)	5.6 (5.4-6.0)	5.6 (5.4-6.1)	

HbA1c mmo/mol
Mean (SD)	40.9 (96.4)	40.4 (63.2)	44.3 (217.4)	42.7 (138.3)	40.5 (12.0)	40.2 (10.7)	41.5 (121.6)	
Median (IQR)	38.0 (35.0-42.0)	38.0 (35.0-42.0)	40.0 (36.0-45.0)	39.0 (36.0-44.0)	38.0 (35.0-42.0)	38.0 (35.0-42.0)	38.0 (35.0-43.0)	

Diabetes Type
0	 1.47e+07 (90.0)	  9972061 (90.5)	  841,031 (81.4)	  295,076 (85.7)	  157,467 (91.5)	  298,635 (92.0)	  3117658 (91.2)	
1	   83,495 (0.5)	   60,855 (0.6)	    2,534 (0.2)	    1,377 (0.4)	      646 (0.4)	      650 (0.2)	   17,433 (0.5)	
2	  1177716 (7.2)	  761,409 (6.9)	  136,515 (13.2)	   31,907 (9.3)	    9,710 (5.6)	   15,690 (4.8)	  222,485 (6.5)	
3	  366,106 (2.2)	  224,269 (2.0)	   52,879 (5.1)	   15,816 (4.6)	    4,365 (2.5)	    9,530 (2.9)	   59,247 (1.7)	

Diabetes type (Exeter definition)
0	 1.51e+07 (92.3)	 1.02e+07 (92.6)	  895,684 (86.7)	  311,330 (90.5)	  161,985 (94.1)	  308,461 (95.1)	  3180048 (93.1)	
1	   72,755 (0.4)	   53,092 (0.5)	    2,208 (0.2)	    1,068 (0.3)	      558 (0.3)	      536 (0.2)	   15,293 (0.4)	
2	  1176133 (7.2)	  762,653 (6.9)	  135,067 (13.1)	   31,778 (9.2)	    9,645 (5.6)	   15,508 (4.8)	  221,482 (6.5)	

Systolic BP
Mean (SD)	88.0 (126.0)	92.9 (146.5)	81.0 (60.9)	83.5 (61.7)	74.8 (61.8)	61.6 (62.2)	78.1 (65.2)	
Median (IQR)	120.0 (0.0-133.0)	120.0 (0.0-134.0)	112.0 (0.0-128.0)	116.0 (0.0-131.0)	110.0 (0.0-127.0)	90.0 (0.0-122.0)	114.0 (0.0-132.0)	

Diastolic BP
Mean (SD)	52.7 (36.7)	55.5 (35.6)	50.0 (37.2)	51.2 (38.0)	46.2 (38.3)	38.1 (38.5)	46.4 (38.3)	
Median (IQR)	70.0 (0.0-80.0)	71.0 (0.0-80.0)	70.0 (0.0-80.0)	70.0 (0.0-80.0)	68.0 (0.0-79.0)	50.0 (0.0-76.0)	68.0 (0.0-80.0)	

Mean Arterial Pressure
Mean (SD)	64.5 (57.7)	68.0 (62.0)	60.4 (44.8)	62.0 (45.7)	55.7 (45.9)	45.9 (46.3)	57.0 (46.9)	
Median (IQR)	87.7 (0.0-97.0)	89.3 (0.0-97.7)	85.0 (0.0-95.0)	86.7 (0.0-97.0)	82.7 (0.0-94.3)	66.7 (0.0-91.3)	84.7 (0.0-96.3)	



Count of co-morbid conditions
Mean (SD)	1.5 (0.8)	1.5 (0.8)	1.3 (0.7)	1.4 (0.7)	1.2 (0.6)	1.2 (0.5)	1.5 (0.8)	
Median (IQR)	1.0 (1.0-2.0)	1.0 (1.0-2.0)	1.0 (1.0-1.0)	1.0 (1.0-2.0)	1.0 (1.0-1.0)	1.0 (1.0-1.0)	1.0 (1.0-2.0)	

Diagnosed hypertension	  3509568 (21.5)	  2479635 (22.5)	  174,045 (16.8)	   70,027 (20.3)	   20,886 (12.1)	   32,004 (9.9)	  732,971 (21.5)	

High blood pressure or hypertension diagnosis	  5002280 (30.7)	  3572808 (32.4)	  236,698 (22.9)	   95,557 (27.8)	   32,011 (18.6)	   47,936 (14.8)	  1017270 (29.8)	

Chronic Cardiac Diseases	  1135479 (7.0)	  820,625 (7.4)	   54,047 (5.2)	   11,187 (3.3)	    4,789 (2.8)	    8,233 (2.5)	  236,598 (6.9)	

Stroke	  358,948 (2.2)	  261,674 (2.4)	   12,531 (1.2)	    4,474 (1.3)	    1,535 (0.9)	    2,231 (0.7)	   76,503 (2.2)	

CKD defined by egfr<60	  937,019 (5.7)	  670,574 (6.1)	   28,194 (2.7)	   15,193 (4.4)	    3,835 (2.2)	    4,890 (1.5)	  214,333 (6.3)	

end stage renal failure	   23,702 (0.1)	   14,732 (0.1)	    2,401 (0.2)	      878 (0.3)	      220 (0.1)	      355 (0.1)	    5,116 (0.1)	

Cancer	  924,559 (5.7)	  693,322 (6.3)	   19,911 (1.9)	    9,276 (2.7)	    3,749 (2.2)	    6,673 (2.1)	  191,628 (5.6)	

Autoimmune disease	  843,284 (5.2)	  622,668 (5.7)	   37,511 (3.6)	    6,955 (2.0)	    5,036 (2.9)	    7,550 (2.3)	  163,564 (4.8)	

Immunosuppressed (perm or temp)	   88,705 (0.5)	   54,805 (0.5)	    4,625 (0.4)	   10,172 (3.0)	    2,145 (1.2)	    1,439 (0.4)	   15,519 (0.5)	

Chronic liver disease	   99,793 (0.6)	   70,632 (0.6)	    5,698 (0.6)	    3,066 (0.9)	      904 (0.5)	    2,458 (0.8)	   17,035 (0.5)	

Dementia	   41,748 (0.3)	   30,580 (0.3)	    1,254 (0.1)	      596 (0.2)	      125 (0.1)	      232 (0.1)	    8,961 (0.3)	

Neurological disease	  165,129 (1.0)	  121,610 (1.1)	    5,874 (0.6)	    1,997 (0.6)	      922 (0.5)	    1,200 (0.4)	   33,526 (1.0)	

Asthma category	 1.63e+07 (100.0)	 1.10e+07 (100.0)	  1032959 (100.0)	  344,176 (100.0)	  172,188 (100.0)	  324,505 (100.0)	  3416823 (100.0)	

Chronic Respiratory Diseases	  686,854 (4.2)	  535,967 (4.9)	   17,536 (1.7)	    5,040 (1.5)	    2,307 (1.3)	    3,571 (1.1)	  122,433 (3.6)	

BP med in last 12 months	 1.63e+07 (100.0)	 1.10e+07 (100.0)	  1032959 (100.0)	  344,176 (100.0)	  172,188 (100.0)	  324,505 (100.0)	  3416823 (100.0)	

Statin in last 12 months	  2759012 (16.9)	  1973481 (17.9)	  171,044 (16.6)	   34,569 (10.0)	   12,831 (7.5)	   24,176 (7.5)	  542,911 (15.9)	

Insulin in last 12 months	  244,589 (1.5)	  167,897 (1.5)	   19,208 (1.9)	    5,808 (1.7)	    1,931 (1.1)	    2,353 (0.7)	   47,392 (1.4)	

