Table 0: Outcome counts by ethnic group
	Total	British	Irish	Other White	White + Caribbean	White + African	White + Asian	Other mixed	Indian	Pakistani	Bangladeshi	Other Asian	Caribbean	African	Other Black	Chinese	Other	Unknown
Main population: no care homes
N	 1.74e+07 (100.0)	  9683276 (100.0)	   79,945 (100.0)	  1347091 (100.0)	   39,631 (100.0)	   33,438 (100.0)	   34,629 (100.0)	   64,235 (100.0)	  432,760 (100.0)	  300,528 (100.0)	   70,395 (100.0)	  222,868 (100.0)	   83,042 (100.0)	  190,395 (100.0)	   69,124 (100.0)	  104,560 (100.0)	  218,969 (100.0)	  4408386 (100.0)	

hes	   32,473 (0.2)	   18,627 (0.2)	      257 (0.3)	    1,620 (0.1)	       79 (0.2)	       65 (0.2)	       63 (0.2)	       95 (0.1)	    1,179 (0.3)	      924 (0.3)	      153 (0.2)	      580 (0.3)	      393 (0.5)	      499 (0.3)	      159 (0.2)	       70 (0.1)	      434 (0.2)	    7,276 (0.2)	
onsdeath	   89,154 (0.5)	   55,471 (0.6)	      601 (0.8)	    3,256 (0.2)	      110 (0.3)	       43 (0.1)	       37 (0.1)	       80 (0.1)	    1,231 (0.3)	      745 (0.2)	      143 (0.2)	      421 (0.2)	      502 (0.6)	      269 (0.1)	      147 (0.2)	       87 (0.1)	      354 (0.2)	   25,657 (0.6)	
any_resp_support_flag	    3,004 (0.0)	    1,471 (0.0)	        5 (0.0)	      178 (0.0)	       11 (0.0)	       22 (0.1)	       10 (0.0)	       15 (0.0)	      157 (0.0)	      110 (0.0)	       24 (0.0)	      103 (0.0)	       40 (0.0)	      114 (0.1)	       25 (0.0)	       16 (0.0)	       77 (0.0)	      626 (0.0)	
basic_resp_support_flag	    2,170 (0.0)	    1,099 (0.0)	        3 (0.0)	      136 (0.0)	        9 (0.0)	       13 (0.0)	        7 (0.0)	       10 (0.0)	       94 (0.0)	       76 (0.0)	       16 (0.0)	       77 (0.0)	       25 (0.0)	       86 (0.0)	       20 (0.0)	        9 (0.0)	       58 (0.0)	      432 (0.0)	
advanced_resp_support_flag	    2,096 (0.0)	      973 (0.0)	        3 (0.0)	      125 (0.0)	        7 (0.0)	       17 (0.1)	        7 (0.0)	        8 (0.0)	      126 (0.0)	       84 (0.0)	       20 (0.0)	       80 (0.0)	       29 (0.0)	       87 (0.0)	       18 (0.0)	       12 (0.0)	       66 (0.0)	      434 (0.0)	
Care home population
N	   78,172 (100.0)	   52,546 (100.0)	      579 (100.0)	    2,922 (100.0)	       61 (100.0)	       44 (100.0)	       59 (100.0)	       68 (100.0)	      351 (100.0)	       99 (100.0)	       15 (100.0)	      162 (100.0)	      278 (100.0)	      196 (100.0)	      112 (100.0)	       74 (100.0)	      312 (100.0)	   20,294 (100.0)	

hes	    2,517 (3.2)	    1,713 (3.3)	       30 (5.2)	       89 (3.0)	        3 (4.9)	        0 (0.0)	        3 (5.1)	        1 (1.5)	       21 (6.0)	        2 (2.0)	        0 (0.0)	        8 (4.9)	       17 (6.1)	        6 (3.1)	        3 (2.7)	        4 (5.4)	       12 (3.8)	      605 (3.0)	
onsdeath	   16,824 (21.5)	   11,251 (21.4)	      124 (21.4)	      458 (15.7)	        8 (13.1)	        4 (9.1)	        8 (13.6)	        6 (8.8)	       59 (16.8)	        6 (6.1)	        2 (13.3)	       18 (11.1)	       69 (24.8)	       19 (9.7)	        7 (6.3)	       18 (24.3)	       52 (16.7)	    4,715 (23.2)	
any_resp_support_flag	       10 (0.0)	        9 (0.0)	        0 (0.0)	        0 (0.0)	        0 (0.0)	        0 (0.0)	        0 (0.0)	        0 (0.0)	        0 (0.0)	        0 (0.0)	        0 (0.0)	        0 (0.0)	        0 (0.0)	        0 (0.0)	        0 (0.0)	        0 (0.0)	        0 (0.0)	        1 (0.0)	
basic_resp_support_flag	        7 (0.0)	        7 (0.0)	        0 (0.0)	        0 (0.0)	        0 (0.0)	        0 (0.0)	        0 (0.0)	        0 (0.0)	        0 (0.0)	        0 (0.0)	        0 (0.0)	        0 (0.0)	        0 (0.0)	        0 (0.0)	        0 (0.0)	        0 (0.0)	        0 (0.0)	        0 (0.0)	
advanced_resp_support_flag	        4 (0.0)	        3 (0.0)	        0 (0.0)	        0 (0.0)	        0 (0.0)	        0 (0.0)	        0 (0.0)	        0 (0.0)	        0 (0.0)	        0 (0.0)	        0 (0.0)	        0 (0.0)	        0 (0.0)	        0 (0.0)	        0 (0.0)	        0 (0.0)	        0 (0.0)	        1 (0.0)	
