char	Infected_pop	cpnsdeath0	cpnsdeath1

1	   92,268 (100.0)	   84,170 (100.0)	    8,098 (100.0)	

Age (years)
Mean (SD)	56.5 (21.0)	54.5 (20.6)	78.2 (11.9)	
Median (IQR)	55.0 (40.0-75.0)	53.0 (38.0-71.0)	80.0 (72.0-87.0)	

Male
1	   39,655 (43.0)	   34,694 (41.2)	    4,961 (61.3)	

Eth 5 categories
1	   57,891 (62.7)	   52,356 (62.2)	    5,535 (68.4)	
2	   12,021 (13.0)	   11,466 (13.6)	      555 (6.9)	
3	    2,851 (3.1)	    2,638 (3.1)	      213 (2.6)	
4	    1,076 (1.2)	    1,024 (1.2)	       52 (0.6)	
5	    1,578 (1.7)	    1,487 (1.8)	       91 (1.1)	
6	   16,851 (18.3)	   15,199 (18.1)	    1,652 (20.4)	

Eth 16 collapsed
1	   51,449 (55.8)	   46,323 (55.0)	    5,126 (63.3)	
2	      498 (0.5)	      421 (0.5)	       77 (1.0)	
3	    5,944 (6.4)	    5,612 (6.7)	      332 (4.1)	
4	    4,973 (5.4)	    4,727 (5.6)	      246 (3.0)	
5	    4,316 (4.7)	    4,158 (4.9)	      158 (2.0)	
6	      469 (0.5)	      436 (0.5)	       33 (0.4)	
7	      696 (0.8)	      592 (0.7)	      104 (1.3)	
8	    1,700 (1.8)	    1,625 (1.9)	       75 (0.9)	
9	      197 (0.2)	      181 (0.2)	       16 (0.2)	
10	    1,076 (1.2)	    1,024 (1.2)	       52 (0.6)	
11	    4,099 (4.4)	    3,872 (4.6)	      227 (2.8)	
12	   16,851 (18.3)	   15,199 (18.1)	    1,652 (20.4)	

Number of GP consultations in the 12 months prior to baseline
Mean (SD)	9.4 (12.7)	8.9 (12.3)	14.1 (15.5)	
Median (IQR)	6.0 (2.0-12.0)	5.0 (2.0-12.0)	10.0 (4.0-18.0)	

Index of Multiple Deprivation (IMD)
1	   14,778 (16.0)	   13,440 (16.0)	    1,338 (16.5)	
2	   16,455 (17.8)	   14,966 (17.8)	    1,489 (18.4)	
3	   17,621 (19.1)	   16,001 (19.0)	    1,620 (20.0)	
4	   20,619 (22.3)	   18,804 (22.3)	    1,815 (22.4)	
5	   22,033 (23.9)	   20,236 (24.0)	    1,797 (22.2)	

Number of people in household
1	   36,576 (39.6)	   31,654 (37.6)	    4,922 (60.8)	
2	   29,897 (32.4)	   28,853 (34.3)	    1,044 (12.9)	
3	    6,236 (6.8)	    5,998 (7.1)	      238 (2.9)	
4	    2,009 (2.2)	    1,797 (2.1)	      212 (2.6)	
.	        0 (0.0)	        0 (0.0)	        0 (0.0)	

Care home y/n
0	   85,473 (92.6)	   78,313 (93.0)	    7,160 (88.4)	
1	    6,795 (7.4)	    5,857 (7.0)	      938 (11.6)	

Body Mass Index (BMI, kg/m2)
Mean (SD)	28.2 (6.2)	28.2 (6.2)	28.3 (6.2)	
Median (IQR)	27.4 (23.8-31.8)	27.4 (23.8-31.8)	27.5 (23.9-32.0)	

HbA1c %
Mean (SD)	6.1 (1.3)	6.1 (1.3)	6.5 (1.4)	
Median (IQR)	5.7 (5.4-6.3)	5.7 (5.4-6.2)	6.0 (5.6-6.9)	

HbA1c mmo/mol
Mean (SD)	43.3 (14.0)	42.8 (13.7)	47.4 (15.4)	
Median (IQR)	39.0 (36.0-45.0)	39.0 (36.0-44.0)	42.0 (38.0-52.0)	

Count of co-morbid conditions
Mean (SD)	1.9 (1.2)	1.8 (1.1)	3.0 (1.2)	
Median (IQR)	2.0 (1.0-3.0)	1.0 (1.0-2.0)	3.0 (2.0-4.0)	

Diabetes Type
0	   73,731 (79.9)	   68,937 (81.9)	    4,794 (59.2)	
1	      741 (0.8)	      630 (0.7)	      111 (1.4)	
2	   14,659 (15.9)	   11,887 (14.1)	    2,772 (34.2)	
3	    3,137 (3.4)	    2,716 (3.2)	      421 (5.2)	

