Table 2: Association between ethnicity in 16 categories and COVID-19 outcomes - Complete Case Analysis
	Denominator	Event	Total person-weeks	Rate per 1,000	Crude		Age/Sex Adjusted		Age/Sex/IMD Adjusted		plus co-morbidities		plus hh size/carehome		
					HR	95% CI	HR	95% CI	HR	95% CI	HR	95% CI	HR	95% CI
suspected
British	9588516	419384	 251052635	1.67	1.00		1.00		1.00		1.00		1.00
Irish	79279	3506	   2071150	1.69	1.02	(0.99 - 1.06)	0.99	(0.95 - 1.02)	0.97	(0.94 - 1.00)	1.03	(0.99 - 1.07)	1.04	(1.00 - 1.08)
Other White	1350726	37337	  35713897	1.05	0.64	(0.64 - 0.65)	0.73	(0.72 - 0.74)	0.70	(0.69 - 0.71)	0.88	(0.87 - 0.90)	0.88	(0.87 - 0.89)
Indian	435893	19319	  11434185	1.69	1.08	(1.06 - 1.09)	1.20	(1.19 - 1.22)	1.15	(1.14 - 1.17)	1.22	(1.19 - 1.24)	1.21	(1.19 - 1.23)
Pakistani	302775	11259	   7977034	1.41	0.78	(0.77 - 0.80)	0.91	(0.89 - 0.93)	0.82	(0.81 - 0.84)	0.74	(0.72 - 0.76)	0.73	(0.71 - 0.75)
Bangladeshi	70201	2696	   1846810	1.46	0.89	(0.86 - 0.92)	1.07	(1.03 - 1.11)	0.97	(0.93 - 1.00)	0.93	(0.89 - 0.97)	0.88	(0.83 - 0.92)
Caribbean	83166	3823	   2173339	1.76	1.11	(1.07 - 1.14)	1.12	(1.09 - 1.16)	1.03	(1.00 - 1.07)	1.07	(1.03 - 1.11)	1.07	(1.03 - 1.11)
African	192184	7234	   5056870	1.43	0.88	(0.86 - 0.90)	1.04	(1.01 - 1.06)	0.95	(0.93 - 0.97)	1.05	(1.02 - 1.08)	1.04	(1.01 - 1.08)
Chinese	105431	1278	   2811849	0.45	0.28	(0.26 - 0.29)	0.33	(0.32 - 0.35)	0.33	(0.31 - 0.35)	0.65	(0.60 - 0.70)	0.65	(0.60 - 0.71)
All mixed	172187	6291	   4534994	1.39	0.84	(0.82 - 0.86)	1.00	(0.97 - 1.02)	0.95	(0.93 - 0.98)	1.04	(1.01 - 1.08)	1.03	(1.00 - 1.07)
All Other	511980	17129	  13495850	1.27	0.79	(0.78 - 0.81)	0.93	(0.91 - 0.94)	0.88	(0.87 - 0.89)	1.00	(0.98 - 1.02)	0.99	(0.97 - 1.01)
confirmed
British	9588398	31347	 256218459	0.12	1.00		1.00		1.00		1.00		1.00
Irish	79277	287	   2115414	0.14	1.20	(1.07 - 1.35)	1.12	(0.99 - 1.25)	1.08	(0.96 - 1.22)	1.06	(0.91 - 1.22)	1.03	(0.88 - 1.20)
Other White	1350718	3731	  36183840	0.10	0.91	(0.88 - 0.94)	1.10	(1.06 - 1.14)	1.04	(1.01 - 1.08)	1.17	(1.11 - 1.23)	1.16	(1.10 - 1.22)
Indian	435892	3431	  11656499	0.29	2.29	(2.21 - 2.38)	2.70	(2.60 - 2.80)	2.53	(2.44 - 2.63)	2.09	(1.98 - 2.20)	1.97	(1.87 - 2.08)
Pakistani	302764	3280	   8095673	0.41	2.90	(2.79 - 3.01)	3.65	(3.51 - 3.79)	3.20	(3.07 - 3.32)	2.44	(2.32 - 2.56)	2.18	(2.06 - 2.31)
Bangladeshi	70200	331	   1880202	0.18	1.38	(1.24 - 1.54)	1.80	(1.62 - 2.01)	1.57	(1.41 - 1.76)	1.30	(1.13 - 1.49)	1.25	(1.08 - 1.45)
Caribbean	83163	428	   2219891	0.19	1.66	(1.51 - 1.83)	1.69	(1.54 - 1.87)	1.51	(1.37 - 1.66)	1.37	(1.22 - 1.54)	1.47	(1.31 - 1.66)
African	192182	976	   5145290	0.19	1.54	(1.44 - 1.64)	2.04	(1.91 - 2.18)	1.81	(1.69 - 1.93)	1.67	(1.53 - 1.83)	1.59	(1.45 - 1.75)
Chinese	105430	106	   2828743	0.04	0.33	(0.27 - 0.39)	0.44	(0.37 - 0.54)	0.44	(0.37 - 0.54)	0.73	(0.55 - 0.96)	0.70	(0.52 - 0.94)
All mixed	172186	633	   4613066	0.14	1.17	(1.08 - 1.27)	1.55	(1.43 - 1.68)	1.45	(1.34 - 1.57)	1.60	(1.44 - 1.78)	1.58	(1.41 - 1.76)
All Other	511975	2453	  13707537	0.18	1.56	(1.50 - 1.63)	2.00	(1.91 - 2.08)	1.85	(1.77 - 1.93)	1.85	(1.75 - 1.95)	1.77	(1.67 - 1.88)
tested
British	9588581	707356	 246245376	2.87	1.00		1.00		1.00		1.00		1.00
Irish	79279	6275	   2030426	3.09	1.11	(1.08 - 1.14)	1.07	(1.04 - 1.10)	1.06	(1.04 - 1.09)	1.08	(1.05 - 1.12)	1.09	(1.05 - 1.13)
Other White	1350734	71357	  34972345	2.04	0.72	(0.71 - 0.73)	0.75	(0.74 - 0.76)	0.74	(0.73 - 0.74)	0.91	(0.90 - 0.92)	0.90	(0.89 - 0.91)
Indian	435896	38955	  11198414	3.48	1.10	(1.09 - 1.11)	1.15	(1.14 - 1.16)	1.13	(1.11 - 1.14)	1.13	(1.12 - 1.15)	1.11	(1.09 - 1.13)
Pakistani	302775	21159	   7818761	2.71	0.97	(0.96 - 0.99)	1.04	(1.02 - 1.05)	0.99	(0.98 - 1.01)	0.90	(0.88 - 0.92)	0.88	(0.86 - 0.90)
Bangladeshi	70201	3804	   1819336	2.09	0.71	(0.69 - 0.73)	0.77	(0.74 - 0.79)	0.73	(0.71 - 0.75)	0.66	(0.63 - 0.69)	0.66	(0.63 - 0.69)
Caribbean	83167	5893	   2134925	2.76	0.99	(0.97 - 1.02)	1.00	(0.98 - 1.03)	0.96	(0.94 - 0.99)	0.97	(0.94 - 1.01)	0.99	(0.95 - 1.02)
African	192185	13662	   4945509	2.76	0.96	(0.94 - 0.97)	1.04	(1.02 - 1.06)	1.00	(0.98 - 1.01)	1.07	(1.04 - 1.10)	1.06	(1.03 - 1.08)
Chinese	105432	2724	   2749830	0.99	0.33	(0.32 - 0.35)	0.36	(0.35 - 0.38)	0.36	(0.35 - 0.38)	0.60	(0.56 - 0.64)	0.59	(0.55 - 0.63)
All mixed	172188	11446	   4440943	2.58	0.91	(0.89 - 0.92)	0.98	(0.96 - 1.00)	0.96	(0.94 - 0.98)	1.05	(1.02 - 1.07)	1.04	(1.01 - 1.07)
All Other	511984	32757	  13199285	2.48	0.88	(0.87 - 0.89)	0.94	(0.93 - 0.95)	0.92	(0.91 - 0.93)	1.01	(0.99 - 1.02)	1.00	(0.98 - 1.01)
positivetest
British	9588581	40822	 250688786	0.16	1.00		1.00		1.00		1.00		1.00
Irish	79279	398	   2069705	0.19	1.31	(1.18 - 1.44)	1.21	(1.09 - 1.33)	1.18	(1.07 - 1.30)	1.23	(1.09 - 1.39)	1.26	(1.11 - 1.43)
Other White	1350734	4897	  35401253	0.14	0.93	(0.90 - 0.96)	1.08	(1.05 - 1.12)	1.03	(1.00 - 1.06)	1.15	(1.10 - 1.21)	1.16	(1.10 - 1.21)
Indian	435896	4112	  11400374	0.36	2.16	(2.08 - 2.23)	2.49	(2.40 - 2.57)	2.35	(2.27 - 2.44)	1.94	(1.85 - 2.03)	1.83	(1.74 - 1.92)
Pakistani	302775	3482	   7920723	0.44	2.41	(2.33 - 2.50)	2.91	(2.81 - 3.02)	2.60	(2.51 - 2.70)	2.06	(1.96 - 2.16)	1.87	(1.77 - 1.97)
Bangladeshi	70201	369	   1839827	0.20	1.21	(1.09 - 1.34)	1.51	(1.36 - 1.67)	1.34	(1.21 - 1.49)	1.13	(0.99 - 1.30)	1.06	(0.92 - 1.22)
Caribbean	83167	569	   2171587	0.26	1.71	(1.58 - 1.86)	1.74	(1.60 - 1.89)	1.58	(1.45 - 1.71)	1.45	(1.31 - 1.61)	1.55	(1.39 - 1.72)
African	192185	1416	   5029963	0.28	1.78	(1.69 - 1.88)	2.28	(2.16 - 2.40)	2.05	(1.94 - 2.16)	1.97	(1.83 - 2.13)	1.89	(1.74 - 2.04)
Chinese	105432	147	   2768061	0.05	0.34	(0.29 - 0.40)	0.45	(0.38 - 0.52)	0.45	(0.38 - 0.53)	0.70	(0.54 - 0.90)	0.66	(0.50 - 0.87)
All mixed	172188	864	   4511756	0.19	1.25	(1.17 - 1.34)	1.59	(1.48 - 1.70)	1.50	(1.40 - 1.61)	1.60	(1.45 - 1.75)	1.57	(1.42 - 1.74)
All Other	511984	3329	  13404489	0.25	1.65	(1.59 - 1.71)	2.04	(1.97 - 2.12)	1.91	(1.84 - 1.98)	1.94	(1.84 - 2.04)	1.85	(1.75 - 1.95)
ae
British	9588581	778039	 240466761	3.24	1.00		1.00		1.00		1.00		1.00
Irish	79279	6687	   1982892	3.37	1.09	(1.07 - 1.12)	1.05	(1.03 - 1.08)	1.03	(1.00 - 1.05)	1.10	(1.06 - 1.13)	1.10	(1.06 - 1.14)
Other White	1350734	76925	  34371687	2.24	0.72	(0.71 - 0.72)	0.76	(0.75 - 0.76)	0.72	(0.72 - 0.73)	0.91	(0.90 - 0.92)	0.91	(0.90 - 0.92)
Indian	435896	23533	  11102298	2.12	0.71	(0.70 - 0.72)	0.75	(0.74 - 0.76)	0.72	(0.71 - 0.73)	0.83	(0.81 - 0.84)	0.82	(0.80 - 0.83)
Pakistani	302775	20414	   7652121	2.67	0.83	(0.82 - 0.85)	0.89	(0.87 - 0.90)	0.79	(0.77 - 0.80)	0.78	(0.77 - 0.80)	0.77	(0.75 - 0.78)
Bangladeshi	70201	4224	   1780839	2.37	0.75	(0.73 - 0.78)	0.81	(0.79 - 0.84)	0.72	(0.70 - 0.74)	0.73	(0.70 - 0.76)	0.72	(0.69 - 0.75)
Caribbean	83167	6873	   2080461	3.30	1.07	(1.05 - 1.10)	1.09	(1.06 - 1.11)	0.98	(0.96 - 1.01)	1.00	(0.97 - 1.03)	1.01	(0.98 - 1.04)
African	192185	12265	   4867523	2.52	0.81	(0.80 - 0.83)	0.89	(0.88 - 0.91)	0.80	(0.79 - 0.82)	0.94	(0.92 - 0.96)	0.93	(0.91 - 0.96)
Chinese	105432	2071	   2739593	0.76	0.25	(0.24 - 0.26)	0.26	(0.25 - 0.27)	0.26	(0.25 - 0.27)	0.56	(0.53 - 0.60)	0.56	(0.52 - 0.60)
All mixed	172188	11945	   4351911	2.74	0.88	(0.86 - 0.90)	0.94	(0.92 - 0.96)	0.89	(0.88 - 0.91)	0.97	(0.95 - 1.00)	0.97	(0.94 - 1.00)
All Other	511984	30233	  13006659	2.32	0.77	(0.76 - 0.77)	0.83	(0.82 - 0.84)	0.77	(0.76 - 0.78)	0.93	(0.92 - 0.95)	0.92	(0.91 - 0.94)
icu
British	9588581	1465	 245680311	0.01	1.00		1.00		1.00		1.00		1.00
Irish	0	0	         .	  .	   .	(   . -    .)	   .	(   . -    .)	   .	(   . -    .)	   .	(   . -    .)	   .	(   . -    .)
Other White	1350734	178	  34683479	0.01	0.82	(0.70 - 0.96)	1.29	(1.10 - 1.52)	1.24	(1.06 - 1.46)	1.44	(1.18 - 1.76)	1.44	(1.17 - 1.78)
Indian	435896	154	  11190121	0.01	2.16	(1.81 - 2.57)	2.89	(2.42 - 3.46)	2.75	(2.30 - 3.29)	2.55	(2.07 - 3.14)	2.39	(1.91 - 3.00)
Pakistani	302775	110	   7774766	0.01	2.15	(1.76 - 2.62)	3.43	(2.81 - 4.19)	3.02	(2.47 - 3.71)	2.21	(1.73 - 2.82)	1.86	(1.40 - 2.47)
Bangladeshi	70201	24	   1802938	0.01	1.94	(1.29 - 2.92)	3.47	(2.31 - 5.21)	3.05	(2.03 - 4.59)	3.19	(2.05 - 4.97)	3.12	(1.95 - 4.98)
Caribbean	83167	40	   2130580	0.02	2.69	(1.95 - 3.70)	2.79	(2.03 - 3.84)	2.47	(1.79 - 3.41)	2.40	(1.67 - 3.44)	2.54	(1.76 - 3.68)
African	192185	115	   4936814	0.02	3.40	(2.80 - 4.13)	5.25	(4.31 - 6.39)	4.71	(3.86 - 5.75)	4.36	(3.42 - 5.55)	3.86	(2.97 - 5.02)
Chinese	105432	16	   2709542	0.01	0.93	(0.57 - 1.52)	1.85	(1.13 - 3.04)	1.85	(1.13 - 3.04)	3.30	(1.77 - 6.18)	3.16	(1.63 - 6.12)
All mixed	172188	55	   4423359	0.01	1.92	(1.47 - 2.52)	3.32	(2.53 - 4.36)	3.14	(2.39 - 4.13)	3.34	(2.42 - 4.61)	3.34	(2.39 - 4.68)
All Other	511984	206	  13149801	0.02	2.38	(2.05 - 2.78)	3.69	(3.16 - 4.31)	3.44	(2.94 - 4.03)	3.41	(2.82 - 4.12)	3.23	(2.64 - 3.96)
cpnsdeath
British	9588581	5554	 251136073	0.02	1.00		1.00		1.00		1.00		1.00
Irish	79279	85	   2073963	0.04	1.61	(1.30 - 2.00)	1.27	(1.03 - 1.58)	1.18	(0.95 - 1.47)	1.17	(0.92 - 1.50)	1.15	(0.89 - 1.49)
Other White	1350734	362	  35455136	0.01	0.42	(0.38 - 0.47)	0.94	(0.85 - 1.05)	0.91	(0.81 - 1.01)	0.98	(0.87 - 1.11)	1.02	(0.90 - 1.16)
Indian	435896	276	  11439799	0.02	0.88	(0.78 - 1.00)	1.69	(1.49 - 1.92)	1.54	(1.35 - 1.75)	1.54	(1.34 - 1.78)	1.53	(1.32 - 1.78)
Pakistani	302775	169	   7948335	0.02	0.78	(0.67 - 0.91)	2.10	(1.80 - 2.45)	1.68	(1.43 - 1.97)	1.37	(1.15 - 1.63)	1.34	(1.10 - 1.62)
Bangladeshi	70201	34	   1843218	0.02	0.67	(0.48 - 0.94)	2.40	(1.71 - 3.37)	1.93	(1.37 - 2.70)	1.56	(1.08 - 2.24)	1.59	(1.09 - 2.32)
Caribbean	83167	110	   2178156	0.05	1.71	(1.41 - 2.07)	1.69	(1.40 - 2.05)	1.43	(1.18 - 1.73)	1.23	(0.99 - 1.52)	1.31	(1.05 - 1.64)
African	192185	80	   5047684	0.02	0.58	(0.46 - 0.72)	2.41	(1.93 - 3.02)	2.03	(1.62 - 2.54)	2.00	(1.54 - 2.58)	1.88	(1.42 - 2.47)
Chinese	105432	18	   2769894	0.01	0.27	(0.17 - 0.42)	1.01	(0.63 - 1.60)	0.98	(0.62 - 1.56)	1.23	(0.70 - 2.18)	1.28	(0.71 - 2.31)
All mixed	172188	53	   4522118	0.01	0.46	(0.35 - 0.60)	1.60	(1.22 - 2.10)	1.45	(1.11 - 1.91)	1.45	(1.07 - 1.97)	1.50	(1.09 - 2.05)
All Other	511984	234	  13443888	0.02	0.66	(0.58 - 0.76)	1.95	(1.70 - 2.24)	1.76	(1.53 - 2.02)	1.84	(1.58 - 2.13)	1.83	(1.56 - 2.14)
onscoviddeath
British	9588581	9682	 251137152	0.04	1.00		1.00		1.00		1.00		1.00
Irish	79279	127	   2074010	0.06	1.44	(1.21 - 1.72)	1.14	(0.95 - 1.35)	1.07	(0.90 - 1.27)	1.04	(0.85 - 1.28)	1.00	(0.81 - 1.24)
Other White	1350734	561	  35455230	0.02	0.39	(0.36 - 0.43)	0.89	(0.81 - 0.97)	0.86	(0.79 - 0.93)	0.92	(0.83 - 1.02)	0.96	(0.87 - 1.07)
Indian	435896	357	  11439837	0.03	0.69	(0.62 - 0.77)	1.38	(1.24 - 1.54)	1.27	(1.13 - 1.42)	1.29	(1.15 - 1.46)	1.29	(1.14 - 1.47)
Pakistani	302775	214	   7948373	0.03	0.59	(0.52 - 0.68)	1.66	(1.45 - 1.91)	1.36	(1.18 - 1.56)	1.13	(0.97 - 1.31)	1.01	(0.85 - 1.20)
Bangladeshi	70201	49	   1843218	0.03	0.59	(0.45 - 0.79)	2.22	(1.67 - 2.94)	1.81	(1.37 - 2.40)	1.46	(1.08 - 1.98)	1.38	(1.00 - 1.91)
Caribbean	83167	164	   2178172	0.08	1.59	(1.36 - 1.86)	1.54	(1.32 - 1.80)	1.32	(1.12 - 1.54)	1.12	(0.94 - 1.34)	1.27	(1.06 - 1.53)
African	192185	100	   5047718	0.02	0.44	(0.36 - 0.54)	2.05	(1.68 - 2.51)	1.75	(1.43 - 2.14)	1.71	(1.36 - 2.15)	1.59	(1.25 - 2.03)
Chinese	105432	28	   2769904	0.01	0.24	(0.17 - 0.35)	0.99	(0.68 - 1.43)	0.96	(0.66 - 1.40)	1.22	(0.79 - 1.87)	1.36	(0.87 - 2.11)
All mixed	172188	77	   4522161	0.02	0.40	(0.32 - 0.50)	1.48	(1.18 - 1.86)	1.36	(1.08 - 1.70)	1.44	(1.12 - 1.85)	1.51	(1.18 - 1.95)
All Other	511984	301	  13443991	0.02	0.51	(0.46 - 0.58)	1.59	(1.41 - 1.79)	1.45	(1.28 - 1.63)	1.47	(1.29 - 1.68)	1.45	(1.26 - 1.66)
ons_noncoviddeath
British	9588581	53687	 251137152	0.21	1.00		1.00		1.00		1.00		1.00
Irish	79279	554	   2074010	0.27	1.37	(1.26 - 1.49)	1.11	(1.02 - 1.21)	1.06	(0.97 - 1.15)	0.98	(0.89 - 1.08)	0.97	(0.88 - 1.08)
Other White	1350734	2915	  35455230	0.08	0.41	(0.40 - 0.43)	0.90	(0.87 - 0.94)	0.88	(0.84 - 0.91)	0.93	(0.89 - 0.98)	0.95	(0.90 - 0.99)
Indian	435896	891	  11439837	0.08	0.40	(0.37 - 0.43)	0.79	(0.74 - 0.85)	0.74	(0.69 - 0.79)	0.82	(0.76 - 0.88)	0.82	(0.75 - 0.88)
Pakistani	302775	529	   7948373	0.07	0.33	(0.30 - 0.36)	0.88	(0.80 - 0.96)	0.73	(0.67 - 0.80)	0.74	(0.67 - 0.81)	0.70	(0.63 - 0.78)
Bangladeshi	70201	93	   1843218	0.05	0.25	(0.21 - 0.31)	0.90	(0.73 - 1.10)	0.76	(0.62 - 0.94)	0.68	(0.54 - 0.86)	0.65	(0.51 - 0.83)
Caribbean	83167	389	   2178172	0.18	0.92	(0.83 - 1.01)	0.91	(0.82 - 1.01)	0.79	(0.71 - 0.87)	0.76	(0.67 - 0.85)	0.79	(0.70 - 0.89)
African	192185	174	   5047718	0.03	0.18	(0.15 - 0.21)	0.77	(0.66 - 0.89)	0.66	(0.57 - 0.77)	0.82	(0.68 - 0.97)	0.83	(0.70 - 0.99)
Chinese	105432	67	   2769904	0.02	0.12	(0.10 - 0.16)	0.47	(0.37 - 0.60)	0.46	(0.37 - 0.59)	0.56	(0.42 - 0.75)	0.56	(0.41 - 0.77)
All mixed	172188	192	   4522161	0.04	0.21	(0.19 - 0.25)	0.76	(0.66 - 0.88)	0.71	(0.62 - 0.82)	0.76	(0.64 - 0.90)	0.74	(0.62 - 0.89)
All Other	511984	652	  13443991	0.05	0.25	(0.23 - 0.27)	0.76	(0.71 - 0.83)	0.71	(0.66 - 0.77)	0.78	(0.71 - 0.85)	0.77	(0.70 - 0.85)
onsdeath
British	9588581	63369	 251137152	0.25	1.00		1.00		1.00		1.00		1.00
Irish	79279	681	   2074010	0.33	1.38	(1.28 - 1.49)	1.11	(1.03 - 1.20)	1.06	(0.98 - 1.14)	0.99	(0.91 - 1.08)	0.97	(0.89 - 1.07)
Other White	1350734	3476	  35455230	0.10	0.41	(0.39 - 0.42)	0.90	(0.87 - 0.93)	0.87	(0.84 - 0.90)	0.93	(0.89 - 0.97)	0.94	(0.90 - 0.99)
Indian	435896	1248	  11439837	0.11	0.45	(0.43 - 0.48)	0.90	(0.85 - 0.95)	0.84	(0.79 - 0.89)	0.92	(0.86 - 0.98)	0.91	(0.85 - 0.98)
Pakistani	302775	743	   7948373	0.09	0.38	(0.35 - 0.40)	1.01	(0.94 - 1.09)	0.85	(0.79 - 0.91)	0.82	(0.76 - 0.89)	0.77	(0.70 - 0.84)
Bangladeshi	70201	142	   1843218	0.08	0.32	(0.27 - 0.37)	1.13	(0.96 - 1.33)	0.95	(0.81 - 1.12)	0.85	(0.71 - 1.02)	0.80	(0.66 - 0.97)
Caribbean	83167	553	   2178172	0.25	1.05	(0.96 - 1.14)	1.03	(0.95 - 1.12)	0.90	(0.82 - 0.98)	0.84	(0.76 - 0.93)	0.89	(0.80 - 0.98)
African	192185	274	   5047718	0.05	0.23	(0.20 - 0.26)	0.99	(0.88 - 1.11)	0.86	(0.76 - 0.97)	1.02	(0.89 - 1.17)	1.00	(0.87 - 1.15)
Chinese	105432	95	   2769904	0.03	0.14	(0.12 - 0.18)	0.56	(0.45 - 0.68)	0.55	(0.45 - 0.67)	0.68	(0.53 - 0.86)	0.70	(0.54 - 0.90)
All mixed	172188	269	   4522161	0.06	0.25	(0.22 - 0.28)	0.88	(0.78 - 1.00)	0.82	(0.73 - 0.93)	0.89	(0.78 - 1.03)	0.89	(0.77 - 1.03)
All Other	511984	953	  13443991	0.07	0.30	(0.28 - 0.32)	0.91	(0.85 - 0.97)	0.84	(0.79 - 0.90)	0.92	(0.85 - 0.99)	0.91	(0.84 - 0.98)
