Table 1: Demographic and Clinical Characteristics
	Total	British	Irish	Other White	Indian	Pakistani	Bangladeshi	Caribbean	African	Chinese	All mixed	All Other

1	 1.75e+07 (100.0)	  9560301 (100.0)	   79,079 (100.0)	  1348928 (100.0)	  435,586 (100.0)	  302,740 (100.0)	   70,183 (100.0)	   83,037 (100.0)	  191,978 (100.0)	  105,325 (100.0)	  171,757 (100.0)	  511,230 (100.0)	  4591443 (100.0)

Age (years)
Mean (SD)	49.7 (18.7)	52.4 (18.3)	53.8 (18.7)	42.9 (15.8)	44.9 (15.9)	41.4 (15.2)	39.9 (14.0)	50.8 (17.8)	41.2 (13.7)	37.7 (15.2)	40.0 (14.9)	41.9 (14.8)	48.9 (20.2)
Median (IQR)	49.0 (34.0-64.0)	53.0 (37.0-67.0)	53.0 (38.0-70.0)	39.0 (31.0-52.0)	42.0 (33.0-55.0)	39.0 (30.0-50.0)	38.0 (30.0-47.0)	51.0 (37.0-62.0)	41.0 (31.0-50.0)	33.0 (25.0-47.0)	38.0 (28.0-49.0)	40.0 (31.0-51.0)	49.0 (31.0-64.0)

Grouped age
1	  2991923 (17.1)	  1253436 (13.1)	    8,458 (10.7)	  268,195 (19.9)	   68,221 (15.7)	   68,862 (22.7)	   16,667 (23.7)	   11,460 (13.8)	   41,777 (21.8)	   42,006 (39.9)	   48,288 (28.1)	  109,909 (21.5)	  1054644 (23.0)
2	  3005221 (17.2)	  1422768 (14.9)	   13,396 (16.9)	  410,314 (30.4)	  122,543 (28.1)	   85,797 (28.3)	   20,822 (29.7)	   12,848 (15.5)	   47,658 (24.8)	   24,306 (23.1)	   45,628 (26.6)	  137,556 (26.9)	  661,585 (14.4)
3	  2879114 (16.5)	  1518663 (15.9)	   12,537 (15.9)	  282,217 (20.9)	   98,344 (22.6)	   70,762 (23.4)	   18,336 (26.1)	   13,749 (16.6)	   52,694 (27.4)	   16,622 (15.8)	   35,120 (20.4)	  123,838 (24.2)	  636,232 (13.9)
4	  3073809 (17.6)	  1845411 (19.3)	   13,019 (16.5)	  172,784 (12.8)	   61,042 (14.0)	   36,623 (12.1)	    7,784 (11.1)	   20,616 (24.8)	   32,129 (16.7)	   10,811 (10.3)	   24,329 (14.2)	   75,017 (14.7)	  774,244 (16.9)
5	  2409976 (13.8)	  1532780 (16.0)	   11,890 (15.0)	  107,732 (8.0)	   47,849 (11.0)	   24,374 (8.1)	    3,903 (5.6)	   11,513 (13.9)	   11,567 (6.0)	    7,185 (6.8)	   10,914 (6.4)	   37,931 (7.4)	  602,338 (13.1)
6	  1952589 (11.2)	  1300133 (13.6)	   12,273 (15.5)	   69,960 (5.2)	   24,778 (5.7)	    9,467 (3.1)	    1,514 (2.2)	    6,265 (7.5)	    4,421 (2.3)	    3,006 (2.9)	    4,964 (2.9)	   18,631 (3.6)	  497,177 (10.8)
7	  1138955 (6.5)	  687,110 (7.2)	    7,506 (9.5)	   37,726 (2.8)	   12,809 (2.9)	    6,855 (2.3)	    1,157 (1.6)	    6,586 (7.9)	    1,732 (0.9)	    1,389 (1.3)	    2,514 (1.5)	    8,348 (1.6)	  365,223 (8.0)

Male
0	  8742935 (50.1)	  4993703 (52.2)	   39,952 (50.5)	  687,936 (51.0)	  205,110 (47.1)	  145,696 (48.1)	   32,925 (46.9)	   43,528 (52.4)	   93,606 (48.8)	   55,137 (52.3)	   88,413 (51.5)	  249,680 (48.8)	  2107249 (45.9)
1	  8708652 (49.9)	  4566598 (47.8)	   39,127 (49.5)	  660,992 (49.0)	  230,476 (52.9)	  157,044 (51.9)	   37,258 (53.1)	   39,509 (47.6)	   98,372 (51.2)	   50,188 (47.7)	   83,344 (48.5)	  261,550 (51.2)	  2484194 (54.1)

Number of GP consultations in the 12 months prior to baseline
Mean (SD)	5.9 (8.5)	6.8 (9.2)	6.5 (9.6)	4.0 (7.1)	5.8 (8.3)	6.9 (9.4)	6.5 (8.5)	6.5 (8.6)	4.9 (7.7)	2.2 (4.9)	5.2 (8.4)	4.9 (8.0)	4.8 (7.1)
Median (IQR)	3.0 (1.0-8.0)	4.0 (1.0-9.0)	4.0 (0.0-9.0)	1.0 (0.0-5.0)	3.0 (0.0-8.0)	4.0 (1.0-10.0)	4.0 (1.0-9.0)	4.0 (1.0-9.0)	2.0 (0.0-7.0)	0.0 (0.0-2.0)	2.0 (0.0-7.0)	2.0 (0.0-7.0)	2.0 (0.0-7.0)

Index of Multiple Deprivation (IMD)
1	  3552369 (20.4)	  2144253 (22.4)	   14,754 (18.7)	  172,211 (12.8)	   49,704 (11.4)	   12,300 (4.1)	    3,244 (4.6)	    5,164 (6.2)	   12,650 (6.6)	   19,944 (18.9)	   22,462 (13.1)	   52,368 (10.2)	  1043315 (22.7)
2	  3589320 (20.6)	  2090126 (21.9)	   17,281 (21.9)	  248,969 (18.5)	   62,419 (14.3)	   20,106 (6.6)	    5,271 (7.5)	    8,809 (10.6)	   19,660 (10.2)	   22,948 (21.8)	   28,237 (16.4)	   75,814 (14.8)	  989,680 (21.6)
3	  3554260 (20.4)	  1958368 (20.5)	   17,299 (21.9)	  279,462 (20.7)	   99,307 (22.8)	   38,084 (12.6)	   10,786 (15.4)	   14,988 (18.0)	   31,627 (16.5)	   22,565 (21.4)	   33,313 (19.4)	  101,448 (19.8)	  947,013 (20.6)
4	  3474184 (19.9)	  1762044 (18.4)	   16,446 (20.8)	  332,664 (24.7)	  140,567 (32.3)	   76,646 (25.3)	   19,821 (28.2)	   22,499 (27.1)	   51,650 (26.9)	   23,154 (22.0)	   40,648 (23.7)	  136,215 (26.6)	  851,830 (18.6)
5	  3138636 (18.0)	  1520196 (15.9)	   12,668 (16.0)	  304,611 (22.6)	   79,090 (18.2)	  154,264 (51.0)	   30,642 (43.7)	   31,002 (37.3)	   74,239 (38.7)	   15,230 (14.5)	   45,272 (26.4)	  140,566 (27.5)	  730,856 (15.9)

Number of people in household
.	        0 (0.0)	        0 (0.0)	        0 (0.0)	        0 (0.0)	        0 (0.0)	        0 (0.0)	        0 (0.0)	        0 (0.0)	        0 (0.0)	        0 (0.0)	        0 (0.0)	        0 (0.0)	        0 (0.0)
1	  7581104 (43.4)	  4669124 (48.8)	   40,782 (51.6)	  490,281 (36.3)	   98,102 (22.5)	   42,753 (14.1)	    9,418 (13.4)	   38,510 (46.4)	   56,514 (29.4)	   46,646 (44.3)	   62,893 (36.6)	  157,639 (30.8)	  1868442 (40.7)
2	  7250946 (41.5)	  3565549 (37.3)	   28,053 (35.5)	  676,614 (50.2)	  272,434 (62.5)	  204,658 (67.6)	   49,860 (71.0)	   36,147 (43.5)	  115,160 (60.0)	   42,036 (39.9)	   89,001 (51.8)	  287,673 (56.3)	  1883761 (41.0)

Care home y/n
0	 1.74e+07 (99.6)	  9508339 (99.5)	   78,497 (99.3)	  1346035 (99.8)	  435,228 (99.9)	  302,640 (100.0)	   70,169 (100.0)	   82,764 (99.7)	  191,787 (99.9)	  105,254 (99.9)	  171,531 (99.9)	  510,651 (99.9)	  4570426 (99.5)
1	   78,266 (0.4)	   51,962 (0.5)	      582 (0.7)	    2,893 (0.2)	      358 (0.1)	      100 (0.0)	       14 (0.0)	      273 (0.3)	      191 (0.1)	       71 (0.1)	      226 (0.1)	      579 (0.1)	   21,017 (0.5)

Body Mass Index (BMI, kg/m2)
Mean (SD)	27.4 (5.7)	27.6 (5.7)	26.9 (5.3)	26.2 (5.4)	26.3 (4.9)	27.5 (5.6)	26.2 (4.7)	28.4 (5.9)	27.9 (5.6)	22.9 (3.9)	26.8 (5.7)	26.4 (5.2)	27.7 (5.9)
Median (IQR)	26.6 (23.4-30.5)	26.7 (23.5-30.7)	26.2 (23.1-29.8)	25.3 (22.3-29.1)	25.7 (22.9-29.0)	26.9 (23.7-30.6)	25.7 (23.1-28.7)	27.6 (24.3-31.6)	27.2 (23.9-31.1)	22.3 (20.1-24.9)	25.8 (22.7-29.8)	25.7 (22.7-29.2)	26.8 (23.4-31.0)

Obesity with SA categories
1	 1.35e+07 (77.6)	  7199397 (75.3)	   62,405 (78.9)	  1123768 (83.3)	  310,552 (71.3)	  190,548 (62.9)	   51,292 (73.1)	   59,217 (71.3)	  145,409 (75.7)	  101,393 (96.3)	  138,927 (80.9)	  399,853 (78.2)	  3758955 (81.9)
2	  2476913 (14.2)	  1486322 (15.5)	   11,259 (14.2)	  148,734 (11.0)	   87,882 (20.2)	   70,558 (23.3)	   13,694 (19.5)	   14,544 (17.5)	   30,183 (15.7)	    3,008 (2.9)	   20,820 (12.1)	   77,227 (15.1)	  512,682 (11.2)
3	  955,857 (5.5)	  580,114 (6.1)	    3,746 (4.7)	   52,186 (3.9)	   26,859 (6.2)	   28,739 (9.5)	    3,855 (5.5)	    6,013 (7.2)	   11,375 (5.9)	      648 (0.6)	    7,902 (4.6)	   24,378 (4.8)	  210,042 (4.6)
4	  477,101 (2.7)	  294,468 (3.1)	    1,669 (2.1)	   24,240 (1.8)	   10,293 (2.4)	   12,895 (4.3)	    1,342 (1.9)	    3,263 (3.9)	    5,011 (2.6)	      276 (0.3)	    4,108 (2.4)	    9,772 (1.9)	  109,764 (2.4)

Smoking status (missing set to non)
1	  8737870 (50.1)	  4271690 (44.7)	   32,871 (41.6)	  630,408 (46.7)	  339,134 (77.9)	  211,561 (69.9)	   46,487 (66.2)	   43,993 (53.0)	  146,721 (76.4)	   83,376 (79.2)	   97,185 (56.6)	  330,845 (64.7)	  2503599 (54.5)
2	  5747289 (32.9)	  3669360 (38.4)	   31,615 (40.0)	  383,605 (28.4)	   62,510 (14.4)	   47,447 (15.7)	   12,380 (17.6)	   22,447 (27.0)	   28,010 (14.6)	   12,591 (12.0)	   40,147 (23.4)	   98,099 (19.2)	  1339078 (29.2)
3	  2966428 (17.0)	  1619251 (16.9)	   14,593 (18.5)	  334,915 (24.8)	   33,942 (7.8)	   43,732 (14.4)	   11,316 (16.1)	   16,597 (20.0)	   17,247 (9.0)	    9,358 (8.9)	   34,425 (20.0)	   82,286 (16.1)	  748,766 (16.3)

Diabetes Type
0	 1.57e+07 (90.1)	  8604663 (90.0)	   70,398 (89.0)	  1269956 (94.1)	  350,523 (80.5)	  245,259 (81.0)	   55,534 (79.1)	   64,507 (77.7)	  169,612 (88.3)	  100,073 (95.0)	  157,084 (91.5)	  447,973 (87.6)	  4189933 (91.3)
1	   89,262 (0.5)	   55,652 (0.6)	      351 (0.4)	    4,651 (0.3)	    1,113 (0.3)	      870 (0.3)	      126 (0.2)	      419 (0.5)	      698 (0.4)	       83 (0.1)	      645 (0.4)	    1,243 (0.2)	   23,411 (0.5)
2	  1251237 (7.2)	  702,857 (7.4)	    5,254 (6.6)	   51,228 (3.8)	   59,090 (13.6)	   43,756 (14.5)	   10,989 (15.7)	   12,534 (15.1)	   14,163 (7.4)	    3,426 (3.3)	    9,681 (5.6)	   39,935 (7.8)	  298,324 (6.5)
3	  385,573 (2.2)	  197,129 (2.1)	    3,076 (3.9)	   23,093 (1.7)	   24,860 (5.7)	   12,855 (4.2)	    3,534 (5.0)	    5,577 (6.7)	    7,505 (3.9)	    1,743 (1.7)	    4,347 (2.5)	   22,079 (4.3)	   79,775 (1.7)

Diabetes type (Exeter definition)
0	 1.61e+07 (92.4)	  8807234 (92.1)	   73,549 (93.0)	  1294040 (95.9)	  376,139 (86.4)	  258,608 (85.4)	   59,238 (84.4)	   70,190 (84.5)	  177,363 (92.4)	  101,848 (96.7)	  161,587 (94.1)	  470,756 (92.1)	  4273916 (93.1)
1	   77,792 (0.4)	   48,838 (0.5)	      289 (0.4)	    3,787 (0.3)	      932 (0.2)	      804 (0.3)	      127 (0.2)	      302 (0.4)	      563 (0.3)	       68 (0.1)	      556 (0.3)	    1,010 (0.2)	   20,516 (0.4)
2	  1249327 (7.2)	  704,229 (7.4)	    5,241 (6.6)	   51,101 (3.8)	   58,515 (13.4)	   43,328 (14.3)	   10,818 (15.4)	   12,545 (15.1)	   14,052 (7.3)	    3,409 (3.2)	    9,614 (5.6)	   39,464 (7.7)	  297,011 (6.5)

Diabetes and HbA1c combined
1	 1.57e+07 (90.1)	  8604663 (90.0)	   70,398 (89.0)	  1269956 (94.1)	  350,523 (80.5)	  245,259 (81.0)	   55,534 (79.1)	   64,507 (77.7)	  169,612 (88.3)	  100,073 (95.0)	  157,084 (91.5)	  447,973 (87.6)	  4189933 (91.3)
2	   18,946 (0.1)	   11,705 (0.1)	       68 (0.1)	    1,089 (0.1)	      274 (0.1)	      154 (0.1)	       29 (0.0)	      103 (0.1)	      155 (0.1)	       29 (0.0)	      119 (0.1)	      264 (0.1)	    4,957 (0.1)
3	   51,119 (0.3)	   32,340 (0.3)	      200 (0.3)	    2,435 (0.2)	      623 (0.1)	      482 (0.2)	       69 (0.1)	      232 (0.3)	      364 (0.2)	       35 (0.0)	      348 (0.2)	      703 (0.1)	   13,288 (0.3)
4	  721,075 (4.1)	  410,740 (4.3)	    3,221 (4.1)	   28,664 (2.1)	   33,773 (7.8)	   21,525 (7.1)	    5,650 (8.1)	    7,184 (8.7)	    7,693 (4.0)	    2,117 (2.0)	    5,303 (3.1)	   22,140 (4.3)	  173,065 (3.8)
5	  420,925 (2.4)	  234,920 (2.5)	    1,551 (2.0)	   16,826 (1.2)	   20,029 (4.6)	   18,116 (6.0)	    4,274 (6.1)	    3,909 (4.7)	    4,642 (2.4)	      929 (0.9)	    3,233 (1.9)	   13,696 (2.7)	   98,800 (2.2)
6	  128,434 (0.7)	   68,804 (0.7)	      565 (0.7)	    6,865 (0.5)	    5,504 (1.3)	    4,349 (1.4)	    1,093 (1.6)	    1,525 (1.8)	    2,007 (1.0)	      399 (0.4)	    1,323 (0.8)	    4,375 (0.9)	   31,625 (0.7)



HbA1c %
Mean (SD)	6.1 (1.1)	6.0 (1.1)	6.0 (1.0)	5.9 (1.1)	6.3 (1.2)	6.4 (1.4)	6.5 (1.4)	6.4 (1.4)	6.2 (1.3)	6.0 (1.0)	6.1 (1.2)	6.1 (1.2)	6.1 (1.2)
Median (IQR)	5.7 (5.4-6.2)	5.7 (5.4-6.2)	5.7 (5.4-6.1)	5.6 (5.4-6.0)	5.9 (5.5-6.5)	6.0 (5.6-6.8)	6.1 (5.6-6.9)	6.0 (5.6-6.6)	5.8 (5.4-6.4)	5.8 (5.5-6.3)	5.7 (5.4-6.3)	5.8 (5.4-6.4)	5.8 (5.4-6.3)

Diagnosed hypertension
0	 1.37e+07 (78.5)	  7277977 (76.1)	   59,258 (74.9)	  1180696 (87.5)	  350,617 (80.5)	  257,150 (84.9)	   59,968 (85.4)	   56,693 (68.3)	  160,178 (83.4)	   98,046 (93.1)	  150,953 (87.9)	  441,957 (86.4)	  3608037 (78.6)
1	  3750057 (21.5)	  2282324 (23.9)	   19,821 (25.1)	  168,232 (12.5)	   84,969 (19.5)	   45,590 (15.1)	   10,215 (14.6)	   26,344 (31.7)	   31,800 (16.6)	    7,279 (6.9)	   20,804 (12.1)	   69,273 (13.6)	  983,406 (21.4)

High blood pressure or hypertension diagnosis
0	 1.28e+07 (73.2)	  6690982 (70.0)	   54,893 (69.4)	  1129662 (83.7)	  334,022 (76.7)	  245,327 (81.0)	   57,415 (81.8)	   52,614 (63.4)	  152,497 (79.4)	   96,356 (91.5)	  144,717 (84.3)	  424,389 (83.0)	  3388451 (73.8)
1	  4680262 (26.8)	  2869319 (30.0)	   24,186 (30.6)	  219,266 (16.3)	  101,564 (23.3)	   57,413 (19.0)	   12,768 (18.2)	   30,423 (36.6)	   39,481 (20.6)	    8,969 (8.5)	   27,040 (15.7)	   86,841 (17.0)	  1202992 (26.2)

Chronic Cardiac Diseases
0	 1.62e+07 (93.1)	  8799353 (92.0)	   72,111 (91.2)	  1300135 (96.4)	  410,765 (94.3)	  285,186 (94.2)	   66,866 (95.3)	   77,842 (93.7)	  187,925 (97.9)	  103,886 (98.6)	  166,991 (97.2)	  494,412 (96.7)	  4275311 (93.1)
1	  1210804 (6.9)	  760,948 (8.0)	    6,968 (8.8)	   48,793 (3.6)	   24,821 (5.7)	   17,554 (5.8)	    3,317 (4.7)	    5,195 (6.3)	    4,053 (2.1)	    1,439 (1.4)	    4,766 (2.8)	   16,818 (3.3)	  316,132 (6.9)

Stroke
0	 1.71e+07 (97.8)	  9317161 (97.5)	   76,673 (97.0)	  1334377 (98.9)	  429,767 (98.7)	  298,843 (98.7)	   69,395 (98.9)	   80,881 (97.4)	  190,428 (99.2)	  104,842 (99.5)	  170,234 (99.1)	  506,776 (99.1)	  4489395 (97.8)
1	  382,815 (2.2)	  243,140 (2.5)	    2,406 (3.0)	   14,551 (1.1)	    5,819 (1.3)	    3,897 (1.3)	      788 (1.1)	    2,156 (2.6)	    1,550 (0.8)	      483 (0.5)	    1,523 (0.9)	    4,454 (0.9)	  102,048 (2.2)

CKD defined by egfr<60
0	 1.66e+07 (95.0)	  9015327 (94.3)	   74,375 (94.1)	  1320890 (97.9)	  423,499 (97.2)	  294,964 (97.4)	   68,729 (97.9)	   75,982 (91.5)	  188,525 (98.2)	  104,542 (99.3)	  168,645 (98.2)	  502,585 (98.3)	  4343295 (94.6)
1	  870,229 (5.0)	  544,974 (5.7)	    4,704 (5.9)	   28,038 (2.1)	   12,087 (2.8)	    7,776 (2.6)	    1,454 (2.1)	    7,055 (8.5)	    3,453 (1.8)	      783 (0.7)	    3,112 (1.8)	    8,645 (1.7)	  248,148 (5.4)

end stage renal failure
0	 1.74e+07 (99.9)	  9546801 (99.9)	   78,969 (99.9)	  1347911 (99.9)	  434,510 (99.8)	  301,943 (99.7)	   70,049 (99.8)	   82,710 (99.6)	  191,592 (99.8)	  105,243 (99.9)	  171,536 (99.9)	  510,414 (99.8)	  4584580 (99.9)
1	   25,329 (0.1)	   13,500 (0.1)	      110 (0.1)	    1,017 (0.1)	    1,076 (0.2)	      797 (0.3)	      134 (0.2)	      327 (0.4)	      386 (0.2)	       82 (0.1)	      221 (0.1)	      816 (0.2)	    6,863 (0.1)

Cancer
0	 1.65e+07 (94.4)	  8918958 (93.3)	   73,367 (92.8)	  1306740 (96.9)	  426,172 (97.8)	  297,377 (98.2)	   69,286 (98.7)	   78,587 (94.6)	  188,809 (98.3)	  103,559 (98.3)	  168,025 (97.8)	  500,618 (97.9)	  4334484 (94.4)
1	  985,605 (5.6)	  641,343 (6.7)	    5,712 (7.2)	   42,188 (3.1)	    9,414 (2.2)	    5,363 (1.8)	      897 (1.3)	    4,450 (5.4)	    3,169 (1.7)	    1,766 (1.7)	    3,732 (2.2)	   10,612 (2.1)	  256,959 (5.6)

Autoimmune disease
0	 1.66e+07 (94.9)	  8987678 (94.0)	   73,970 (93.5)	  1306532 (96.9)	  418,902 (96.2)	  291,110 (96.2)	   67,493 (96.2)	   80,344 (96.8)	  189,361 (98.6)	  103,547 (98.3)	  166,744 (97.1)	  497,434 (97.3)	  4371849 (95.2)
1	  896,623 (5.1)	  572,623 (6.0)	    5,109 (6.5)	   42,396 (3.1)	   16,684 (3.8)	   11,630 (3.8)	    2,690 (3.8)	    2,693 (3.2)	    2,617 (1.4)	    1,778 (1.7)	    5,013 (2.9)	   13,796 (2.7)	  219,594 (4.8)

Immunosuppressed (combination algorithm)
0	 1.74e+07 (99.5)	  9512599 (99.5)	   78,534 (99.3)	  1342966 (99.6)	  433,606 (99.5)	  301,387 (99.6)	   69,977 (99.7)	   81,708 (98.4)	  184,632 (96.2)	  105,086 (99.8)	  169,623 (98.8)	  507,497 (99.3)	  4570867 (99.6)
1	   93,105 (0.5)	   47,702 (0.5)	      545 (0.7)	    5,962 (0.4)	    1,980 (0.5)	    1,353 (0.4)	      206 (0.3)	    1,329 (1.6)	    7,346 (3.8)	      239 (0.2)	    2,134 (1.2)	    3,733 (0.7)	   20,576 (0.4)

Chronic liver disease
0	 1.73e+07 (99.4)	  9497887 (99.3)	   78,303 (99.0)	  1341895 (99.5)	  433,528 (99.5)	  300,698 (99.3)	   69,846 (99.5)	   82,638 (99.5)	  189,868 (98.9)	  104,144 (98.9)	  170,856 (99.5)	  508,195 (99.4)	  4568573 (99.5)
1	  105,156 (0.6)	   62,414 (0.7)	      776 (1.0)	    7,033 (0.5)	    2,058 (0.5)	    2,042 (0.7)	      337 (0.5)	      399 (0.5)	    2,110 (1.1)	    1,181 (1.1)	      901 (0.5)	    3,035 (0.6)	   22,870 (0.5)

Dementia
0	 1.74e+07 (99.7)	  9531927 (99.7)	   78,679 (99.5)	  1347377 (99.9)	  434,998 (99.9)	  302,363 (99.9)	   70,075 (99.8)	   82,635 (99.5)	  191,853 (99.9)	  105,279 (100.0)	  171,634 (99.9)	  510,804 (99.9)	  4579383 (99.7)
1	   44,580 (0.3)	   28,374 (0.3)	      400 (0.5)	    1,551 (0.1)	      588 (0.1)	      377 (0.1)	      108 (0.2)	      402 (0.5)	      125 (0.1)	       46 (0.0)	      123 (0.1)	      426 (0.1)	   12,060 (0.3)

Neurological disease
0	 1.73e+07 (99.0)	  9447349 (98.8)	   78,205 (98.9)	  1341746 (99.5)	  433,050 (99.4)	  300,605 (99.3)	   69,913 (99.6)	   82,212 (99.0)	  191,235 (99.6)	  105,112 (99.8)	  170,838 (99.5)	  508,908 (99.5)	  4546432 (99.0)
1	  175,982 (1.0)	  112,952 (1.2)	      874 (1.1)	    7,182 (0.5)	    2,536 (0.6)	    2,135 (0.7)	      270 (0.4)	      825 (1.0)	      743 (0.4)	      213 (0.2)	      919 (0.5)	    2,322 (0.5)	   45,011 (1.0)

Chronic Respiratory Diseases
0	 1.67e+07 (95.8)	  9059494 (94.8)	   73,622 (93.1)	  1321202 (97.9)	  428,561 (98.4)	  296,175 (97.8)	   69,101 (98.5)	   80,673 (97.2)	  190,313 (99.1)	  104,754 (99.5)	  169,468 (98.7)	  504,433 (98.7)	  4426875 (96.4)
1	  726,916 (4.2)	  500,807 (5.2)	    5,457 (6.9)	   27,726 (2.1)	    7,025 (1.6)	    6,565 (2.2)	    1,082 (1.5)	    2,364 (2.8)	    1,665 (0.9)	      571 (0.5)	    2,289 (1.3)	    6,797 (1.3)	  164,568 (3.6)

Asthma category
.	        0 (0.0)	        0 (0.0)	        0 (0.0)	        0 (0.0)	        0 (0.0)	        0 (0.0)	        0 (0.0)	        0 (0.0)	        0 (0.0)	        0 (0.0)	        0 (0.0)	        0 (0.0)	        0 (0.0)
1	 1.75e+07 (100.0)	  9560301 (100.0)	   79,079 (100.0)	  1348928 (100.0)	  435,586 (100.0)	  302,740 (100.0)	   70,183 (100.0)	   83,037 (100.0)	  191,978 (100.0)	  105,325 (100.0)	  171,757 (100.0)	  511,230 (100.0)	  4591443 (100.0)

BP med in last 12 months
.	        0 (0.0)	        0 (0.0)	        0 (0.0)	        0 (0.0)	        0 (0.0)	        0 (0.0)	        0 (0.0)	        0 (0.0)	        0 (0.0)	        0 (0.0)	        0 (0.0)	        0 (0.0)	        0 (0.0)
1	 1.75e+07 (100.0)	  9560301 (100.0)	   79,079 (100.0)	  1348928 (100.0)	  435,586 (100.0)	  302,740 (100.0)	   70,183 (100.0)	   83,037 (100.0)	  191,978 (100.0)	  105,325 (100.0)	  171,757 (100.0)	  511,230 (100.0)	  4591443 (100.0)

Statin in last 12 months
0	 1.45e+07 (83.1)	  7727016 (80.8)	   62,220 (78.7)	  1230182 (91.2)	  358,434 (82.3)	  251,567 (83.1)	   57,358 (81.7)	   68,219 (82.2)	  178,016 (92.7)	  100,470 (95.4)	  158,957 (92.5)	  456,413 (89.3)	  3862090 (84.1)
1	  2940645 (16.9)	  1833285 (19.2)	   16,859 (21.3)	  118,746 (8.8)	   77,152 (17.7)	   51,173 (16.9)	   12,825 (18.3)	   14,818 (17.8)	   13,962 (7.3)	    4,855 (4.6)	   12,800 (7.5)	   54,817 (10.7)	  729,353 (15.9)

Insulin in last 12 months
0	 1.72e+07 (98.5)	  9405036 (98.4)	   78,142 (98.8)	  1337691 (99.2)	  427,869 (98.2)	  295,711 (97.7)	   68,544 (97.7)	   80,592 (97.1)	  189,600 (98.8)	  104,937 (99.6)	  169,830 (98.9)	  505,498 (98.9)	  4527917 (98.6)
1	  260,220 (1.5)	  155,265 (1.6)	      937 (1.2)	   11,237 (0.8)	    7,717 (1.8)	    7,029 (2.3)	    1,639 (2.3)	    2,445 (2.9)	    2,378 (1.2)	      388 (0.4)	    1,927 (1.1)	    5,732 (1.1)	   63,526 (1.4)

