Table 0: Outcome counts by ethnic group
	Total	White	South Asian	Black	Mixed	Other	Unknown
Whole study population- no exclusions
N	 1.53e+07 (100.0)	 1.29e+07 (100.0)	  1290841 (100.0)	  429,533 (100.0)	  261,189 (100.0)	  382,423 (100.0)	        0 (  .)	

suspected	  570,320 (3.7)	  493,638 (3.8)	   45,755 (3.5)	   14,787 (3.4)	    7,681 (2.9)	    8,459 (2.2)	        0 (  .)	
confirmed	   50,535 (0.3)	   37,524 (0.3)	    9,533 (0.7)	    1,787 (0.4)	      707 (0.3)	      984 (0.3)	        0 (  .)	
tested	  1072924 (7.0)	  914,687 (7.1)	   96,984 (7.5)	   27,928 (6.5)	   15,267 (5.8)	   18,058 (4.7)	        0 (  .)	
positivetest	   63,024 (0.4)	   47,213 (0.4)	   11,121 (0.9)	    2,447 (0.6)	      944 (0.4)	    1,299 (0.3)	        0 (  .)	
ae	  1163196 (7.6)	  1023269 (7.9)	   75,193 (5.8)	   28,616 (6.7)	   17,835 (6.8)	   18,283 (4.8)	        0 (  .)	
icu	    2,334 (0.0)	    1,622 (0.0)	      390 (0.0)	      179 (0.0)	       55 (0.0)	       88 (0.0)	        0 (  .)	
cpnsdeath	    7,189 (0.0)	    6,189 (0.0)	      623 (0.0)	      229 (0.1)	       54 (0.0)	       94 (0.0)	        0 (  .)	
onscoviddeath	   11,513 (0.1)	   10,239 (0.1)	      768 (0.1)	      297 (0.1)	       76 (0.0)	      133 (0.0)	        0 (  .)	
ons_noncoviddeath	   59,354 (0.4)	   56,377 (0.4)	    1,786 (0.1)	      670 (0.2)	      189 (0.1)	      332 (0.1)	        0 (  .)	
onsdeath	   70,867 (0.5)	   66,616 (0.5)	    2,554 (0.2)	      967 (0.2)	      265 (0.1)	      465 (0.1)	        0 (  .)	
Adults aged 18-105
N	 1.27e+07 (100.0)	 1.08e+07 (100.0)	  1015005 (100.0)	  337,085 (100.0)	  168,773 (100.0)	  316,516 (100.0)	        0 (  .)	

suspected	  529,966 (4.2)	  461,056 (4.3)	   41,372 (4.1)	   13,629 (4.0)	    6,268 (3.7)	    7,641 (2.4)	        0 (  .)	
confirmed	   48,547 (0.4)	   36,498 (0.3)	    8,750 (0.9)	    1,710 (0.5)	      642 (0.4)	      947 (0.3)	        0 (  .)	
tested	  1000926 (7.9)	  857,065 (7.9)	   88,524 (8.7)	   26,176 (7.8)	   12,594 (7.5)	   16,567 (5.2)	        0 (  .)	
positivetest	   61,164 (0.5)	   46,332 (0.4)	   10,335 (1.0)	    2,370 (0.7)	      874 (0.5)	    1,253 (0.4)	        0 (  .)	
ae	  989,094 (7.8)	  876,236 (8.1)	   61,477 (6.1)	   24,207 (7.2)	   12,046 (7.1)	   15,128 (4.8)	        0 (  .)	
icu	    2,333 (0.0)	    1,621 (0.0)	      390 (0.0)	      179 (0.1)	       55 (0.0)	       88 (0.0)	        0 (  .)	
cpnsdeath	    7,188 (0.1)	    6,189 (0.1)	      622 (0.1)	      229 (0.1)	       54 (0.0)	       94 (0.0)	        0 (  .)	
onscoviddeath	   11,510 (0.1)	   10,237 (0.1)	      767 (0.1)	      297 (0.1)	       76 (0.0)	      133 (0.0)	        0 (  .)	
ons_noncoviddeath	   59,279 (0.5)	   56,330 (0.5)	    1,767 (0.2)	      664 (0.2)	      189 (0.1)	      329 (0.1)	        0 (  .)	
onsdeath	   70,789 (0.6)	   66,567 (0.6)	    2,534 (0.2)	      961 (0.3)	      265 (0.2)	      462 (0.1)	        0 (  .)	
Adults with valid sex recorded
N	 1.27e+07 (100.0)	 1.08e+07 (100.0)	  1015001 (100.0)	  337,079 (100.0)	  168,766 (100.0)	  316,510 (100.0)	        0 (  .)	

suspected	  529,945 (4.2)	  461,037 (4.3)	   41,372 (4.1)	   13,629 (4.0)	    6,267 (3.7)	    7,640 (2.4)	        0 (  .)	
confirmed	   48,546 (0.4)	   36,498 (0.3)	    8,750 (0.9)	    1,710 (0.5)	      641 (0.4)	      947 (0.3)	        0 (  .)	
tested	  1000915 (7.9)	  857,056 (7.9)	   88,524 (8.7)	   26,176 (7.8)	   12,592 (7.5)	   16,567 (5.2)	        0 (  .)	
positivetest	   61,164 (0.5)	   46,332 (0.4)	   10,335 (1.0)	    2,370 (0.7)	      874 (0.5)	    1,253 (0.4)	        0 (  .)	
ae	  989,067 (7.8)	  876,212 (8.1)	   61,477 (6.1)	   24,205 (7.2)	   12,045 (7.1)	   15,128 (4.8)	        0 (  .)	
icu	    2,333 (0.0)	    1,621 (0.0)	      390 (0.0)	      179 (0.1)	       55 (0.0)	       88 (0.0)	        0 (  .)	
cpnsdeath	    7,188 (0.1)	    6,189 (0.1)	      622 (0.1)	      229 (0.1)	       54 (0.0)	       94 (0.0)	        0 (  .)	
onscoviddeath	   11,510 (0.1)	   10,237 (0.1)	      767 (0.1)	      297 (0.1)	       76 (0.0)	      133 (0.0)	        0 (  .)	
ons_noncoviddeath	   59,279 (0.5)	   56,330 (0.5)	    1,767 (0.2)	      664 (0.2)	      189 (0.1)	      329 (0.1)	        0 (  .)	
onsdeath	   70,789 (0.6)	   66,567 (0.6)	    2,534 (0.2)	      961 (0.3)	      265 (0.2)	      462 (0.1)	        0 (  .)	
