Table 1: Demographic and Clinical Characteristics- No care omes
	Total	White	South Asian	Black	Mixed	Other	Unknown

1	   78,124 (100.0)	   55,366 (100.0)	      620 (100.0)	      573 (100.0)	      233 (100.0)	      391 (100.0)	   20,941 (100.0)	

Age (years)
Mean (SD)	82.9 (13.4)	82.7 (13.2)	67.5 (20.5)	65.0 (22.9)	64.0 (23.8)	69.3 (23.4)	85.0 (11.6)	
Median (IQR)	86.0 (79.0-91.0)	86.0 (78.0-91.0)	72.0 (50.0-85.0)	71.0 (46.0-85.0)	72.0 (45.0-84.0)	79.0 (50.0-88.0)	87.0 (81.0-92.0)	

Male
0	   53,984 (69.1)	   38,045 (68.7)	      332 (53.5)	      266 (46.4)	      121 (51.9)	      242 (61.9)	   14,978 (71.5)	
1	   24,140 (30.9)	   17,321 (31.3)	      288 (46.5)	      307 (53.6)	      112 (48.1)	      149 (38.1)	    5,963 (28.5)	

Index of Multiple Deprivation (IMD)
1	   14,984 (19.2)	   10,190 (18.4)	       65 (10.5)	       29 (5.1)	       20 (8.6)	       56 (14.3)	    4,624 (22.1)	
2	   15,430 (19.8)	   10,887 (19.7)	       53 (8.5)	       58 (10.1)	       44 (18.9)	       70 (17.9)	    4,318 (20.6)	
3	   17,044 (21.8)	   11,912 (21.5)	      129 (20.8)	      181 (31.6)	       56 (24.0)	      124 (31.7)	    4,642 (22.2)	
4	   16,436 (21.0)	   11,715 (21.2)	      186 (30.0)	      137 (23.9)	       58 (24.9)	       79 (20.2)	    4,261 (20.3)	
5	   14,230 (18.2)	   10,662 (19.3)	      187 (30.2)	      168 (29.3)	       55 (23.6)	       62 (15.9)	    3,096 (14.8)	

# people in household
Mean (SD)	24.4 (37.9)	24.2 (37.1)	27.1 (60.9)	71.2 (154.6)	41.0 (105.5)	37.6 (87.0)	23.0 (25.0)	
Median (IQR)	19.0 (7.0-33.0)	19.0 (7.0-33.0)	15.0 (4.0-28.0)	18.0 (5.0-44.0)	13.0 (3.0-35.0)	20.0 (6.0-36.0)	19.0 (8.0-33.0)	

Number of people in household
.	        0 (0.0)	        0 (0.0)	        0 (0.0)	        0 (0.0)	        0 (0.0)	        0 (0.0)	        0 (0.0)	
.	        0 (0.0)	        0 (0.0)	        0 (0.0)	        0 (0.0)	        0 (0.0)	        0 (0.0)	        0 (0.0)	
.	        0 (0.0)	        0 (0.0)	        0 (0.0)	        0 (0.0)	        0 (0.0)	        0 (0.0)	        0 (0.0)	
.	        0 (0.0)	        0 (0.0)	        0 (0.0)	        0 (0.0)	        0 (0.0)	        0 (0.0)	        0 (0.0)	
5	   78,124 (100.0)	   55,366 (100.0)	      620 (100.0)	      573 (100.0)	      233 (100.0)	      391 (100.0)	   20,941 (100.0)	
.	        0 (0.0)	        0 (0.0)	        0 (0.0)	        0 (0.0)	        0 (0.0)	        0 (0.0)	        0 (0.0)	
.	        0 (0.0)	        0 (0.0)	        0 (0.0)	        0 (0.0)	        0 (0.0)	        0 (0.0)	        0 (0.0)	
.	        0 (0.0)	        0 (0.0)	        0 (0.0)	        0 (0.0)	        0 (0.0)	        0 (0.0)	        0 (0.0)	
.	        0 (0.0)	        0 (0.0)	        0 (0.0)	        0 (0.0)	        0 (0.0)	        0 (0.0)	        0 (0.0)	
.	        0 (0.0)	        0 (0.0)	        0 (0.0)	        0 (0.0)	        0 (0.0)	        0 (0.0)	        0 (0.0)	

Number of GP consultations in the 12 months prior to baseline
Mean (SD)	9.8 (13.5)	10.2 (14.0)	11.8 (16.7)	8.6 (13.4)	9.2 (16.4)	9.3 (14.5)	8.5 (11.6)	
Median (IQR)	6.0 (2.0-13.0)	6.0 (2.0-14.0)	6.0 (2.0-16.0)	4.0 (0.0-11.0)	5.0 (0.0-12.0)	4.0 (0.0-12.0)	5.0 (1.0-12.0)	

Smoking status (missing set to non)
1	   35,306 (45.2)	   23,643 (42.7)	      432 (69.7)	      300 (52.4)	      119 (51.1)	      188 (48.1)	   10,624 (50.7)	
2	   38,102 (48.8)	   28,189 (50.9)	      129 (20.8)	      176 (30.7)	       77 (33.0)	      137 (35.0)	    9,394 (44.9)	
3	    4,716 (6.0)	    3,534 (6.4)	       59 (9.5)	       97 (16.9)	       37 (15.9)	       66 (16.9)	      923 (4.4)	

Body Mass Index (BMI, kg/m2)
Mean (SD)	24.9 (5.6)	25.0 (5.6)	25.2 (5.6)	25.6 (5.8)	26.3 (5.9)	24.7 (5.5)	24.7 (5.5)	
Median (IQR)	24.2 (20.9-28.1)	24.2 (21.0-28.2)	24.5 (21.2-28.2)	24.8 (21.6-29.4)	25.3 (21.3-30.4)	24.0 (21.2-27.4)	23.9 (20.7-27.8)	

BMI with SA categories
/*REDACTED*/	

HbA1c %
Mean (SD)	6.0 (1.1)	6.0 (1.1)	6.4 (1.2)	6.3 (1.3)	6.2 (1.1)	6.3 (1.2)	6.0 (1.0)	
Median (IQR)	5.8 (5.4-6.2)	5.7 (5.4-6.2)	6.0 (5.5-6.8)	6.0 (5.5-6.6)	5.8 (5.5-6.5)	5.9 (5.6-6.9)	5.7 (5.4-6.2)	

HbA1c mmo/mol
Mean (SD)	43.1 (159.7)	42.4 (11.5)	46.0 (13.5)	45.3 (14.4)	43.9 (12.5)	45.7 (13.5)	44.9 (316.6)	
Median (IQR)	39.9 (36.0-44.0)	39.0 (36.0-44.0)	42.0 (37.0-51.0)	42.0 (37.0-49.0)	40.0 (37.0-47.0)	41.0 (38.0-52.0)	39.5 (36.0-44.0)	

HbA1c category
/*REDACTED*/

Systolic BP
Mean (SD)	127.0 (17.9)	126.9 (17.9)	125.8 (16.8)	128.4 (17.1)	126.1 (15.8)	125.1 (18.0)	127.2 (18.0)	
Median (IQR)	127.0 (115.0-138.0)	126.0 (115.0-138.0)	125.0 (114.0-137.0)	128.5 (118.0-138.5)	126.0 (115.0-136.0)	125.0 (112.0-136.0)	127.0 (115.0-139.0)	

Diastolic BP
Mean (SD)	72.6 (11.0)	72.6 (10.9)	73.7 (10.7)	75.3 (10.8)	75.7 (10.4)	72.9 (11.5)	72.4 (11.0)	
Median (IQR)	72.0 (65.0-80.0)	72.0 (65.0-80.0)	73.0 (67.0-80.0)	76.0 (68.0-80.0)	75.0 (69.0-82.0)	72.0 (65.0-80.0)	72.0 (65.0-80.0)	

Blood pressure four levels non-missing
1	   21,382 (27.4)	   15,229 (27.5)	      162 (26.1)	      121 (21.1)	       58 (24.9)	      106 (27.1)	    5,706 (27.2)	
2	   13,072 (16.7)	    9,327 (16.8)	       97 (15.6)	       77 (13.4)	       30 (12.9)	       62 (15.9)	    3,479 (16.6)	
3	   20,909 (26.8)	   14,964 (27.0)	      160 (25.8)	      163 (28.4)	       67 (28.8)	       84 (21.5)	    5,471 (26.1)	
4	   19,125 (24.5)	   13,465 (24.3)	      124 (20.0)	      129 (22.5)	       51 (21.9)	       66 (16.9)	    5,290 (25.3)	
5	    3,636 (4.7)	    2,381 (4.3)	       77 (12.4)	       83 (14.5)	       27 (11.6)	       73 (18.7)	      995 (4.8)	

Diabetes Type
/*REDACTED*/	
/*REDACTED*/
2	   14,694 (18.8)	   10,609 (19.2)	      209 (33.7)	      176 (30.7)	       59 (25.3)	       87 (22.3)	    3,554 (17.0)	
/*REDACTED*/

Count of co-morbid conditions
Mean (SD)	1.8 (1.3)	1.9 (1.3)	1.4 (1.3)	1.4 (1.3)	1.4 (1.4)	1.4 (1.4)	1.7 (1.2)	
Median (IQR)	2.0 (1.0-3.0)	2.0 (1.0-3.0)	1.0 (0.0-2.0)	1.0 (0.0-2.0)	1.0 (0.0-2.0)	1.0 (0.0-2.0)	2.0 (1.0-3.0)	

Diagnosed hypertension	   47,768 (61.1)	   34,386 (62.1)	      293 (47.3)	      289 (50.4)	       96 (41.2)	      179 (45.8)	   12,525 (59.8)	


Chronic Cardiac Diseases	   22,409 (28.7)	   16,272 (29.4)	      138 (22.3)	      109 (19.0)	       46 (19.7)	       77 (19.7)	    5,767 (27.5)	


Stroke	   16,792 (21.5)	   12,149 (21.9)	      111 (17.9)	      104 (18.2)	       46 (19.7)	       72 (18.4)	    4,310 (20.6)	


CKD defined by egfr<60	   29,751 (38.1)	   21,079 (38.1)	      159 (25.6)	      131 (22.9)	       44 (18.9)	       87 (22.3)	    8,251 (39.4)	


end stage renal failure	      /*REDACTED*/


Cancer	   11,677 (14.9)	    8,308 (15.0)	       37 (6.0)	       48 (8.4)	       19 (8.2)	       35 (9.0)	    3,230 (15.4)	


Autoimmune disease	    5,428 (6.9)	    3,946 (7.1)	       29 (4.7)	       21 (3.7)	        8 (3.4)	       17 (4.3)	    1,407 (6.7)	


Immunosuppressed (perm or temp)	      /*REDACTED*/


Chronic liver disease	      /*REDACTED*/


Dementia	   10,892 (13.9)	    7,820 (14.1)	       58 (9.4)	       61 (10.6)	       21 (9.0)	       41 (10.5)	    2,891 (13.8)	


Neurological disease	    6,737 (8.6)	    4,890 (8.8)	       56 (9.0)	       46 (8.0)	       28 (12.0)	       22 (5.6)	    1,695 (8.1)	


Asthma category	    8,218 (10.5)	    6,074 (11.0)	       84 (13.5)	       58 (10.1)	       33 (14.2)	       34 (8.7)	    1,935 (9.2)	


Chronic Respiratory Diseases	   10,519 (13.5)	    7,875 (14.2)	       64 (10.3)	       36 (6.3)	       28 (12.0)	       46 (11.8)	    2,470 (11.8)	

/*REDACTED*/

