Table 6: Ethnicity and household composition - Complete Case Analysis
	Denominator	Event	Total person-weeks	Rate per 1,000	Crude		Age/Sex Adjusted		Age/Sex/IMD Adjusted		plus co-morbidities		
					HR	95% CI	HR	95% CI	HR	95% CI	HR	95% CI	HR	95% CI
White: confirmed
T1DM	9971897	28277	   1619863	17.46	1.00		1.00		1.00		1.00
T1DM	60853	341	   1619863	0.21	1.98	(1.78 - 2.20)	2.14	(1.92 - 2.38)	2.13	(1.91 - 2.37)	1.64	(1.47 - 1.83)
T2DM	761378	5623	  20137259	0.28	2.60	(2.52 - 2.67)	1.81	(1.75 - 1.86)	1.74	(1.69 - 1.80)	1.33	(1.29 - 1.38)
UNKNOWN_DM	224265	1124	   5966754	0.19	1.80	(1.69 - 1.91)	1.27	(1.19 - 1.35)	1.25	(1.17 - 1.33)	1.07	(1.01 - 1.14)
South Asian: confirmed
T1DM	841015	6275	     67275	93.27	1.00		1.00		1.00		1.00
T1DM	2534	32	     67275	0.48	1.62	(1.15 - 2.30)	1.64	(1.16 - 2.32)	1.66	(1.17 - 2.34)	1.14	(0.79 - 1.63)
T2DM	136509	1680	   3629346	0.46	1.63	(1.54 - 1.72)	1.60	(1.50 - 1.70)	1.54	(1.45 - 1.64)	1.22	(1.14 - 1.31)
UNKNOWN_DM	52879	417	   1412706	0.30	1.43	(1.29 - 1.58)	1.39	(1.25 - 1.54)	1.36	(1.22 - 1.50)	1.15	(1.04 - 1.28)
Black: confirmed
T1DM	295071	1205	     36556	32.96	1.00		1.00		1.00		1.00
T1DM	1377	8	     36556	0.22	1.45	(0.72 - 2.91)	1.36	(0.68 - 2.72)	1.36	(0.68 - 2.72)	0.76	(0.37 - 1.53)
T2DM	31906	351	    845529	0.42	2.83	(2.51 - 3.18)	2.02	(1.77 - 2.31)	2.01	(1.75 - 2.29)	1.37	(1.18 - 1.58)
UNKNOWN_DM	15815	105	    422323	0.25	1.94	(1.58 - 2.39)	1.47	(1.19 - 1.82)	1.47	(1.19 - 1.82)	1.10	(0.88 - 1.37)
Mixed: confirmed
T1DM	157466	495	     17176	28.82	1.00		1.00		1.00		1.00
T1DM	646	8	     17176	0.47	3.97	(1.97 - 7.98)	3.84	(1.91 - 7.73)	3.89	(1.93 - 7.84)	2.53	(1.24 - 5.19)
T2DM	9709	110	    257748	0.43	3.73	(3.04 - 4.59)	2.46	(1.95 - 3.11)	2.44	(1.93 - 3.08)	1.66	(1.30 - 2.13)
UNKNOWN_DM	4365	20	    116631	0.17	1.82	(1.15 - 2.86)	1.28	(0.81 - 2.04)	1.14	(0.70 - 1.85)	0.76	(0.45 - 1.30)
Other: confirmed
T1DM	298631	729	     17306	42.12	1.00		1.00		1.00		1.00
T1DM	650	6	     17306	0.35	3.73	(1.67 - 8.32)	3.51	(1.57 - 7.83)	3.45	(1.55 - 7.72)	2.05	(0.91 - 4.63)
T2DM	15689	142	    417076	0.34	3.73	(3.11 - 4.47)	2.44	(1.99 - 2.98)	2.35	(1.92 - 2.88)	1.37	(1.10 - 1.70)
UNKNOWN_DM	9530	55	    254343	0.22	2.55	(1.92 - 3.38)	1.75	(1.31 - 2.34)	1.70	(1.27 - 2.28)	1.14	(0.84 - 1.55)
White: tested
T1DM	9972061	678642	   1538970	440.97	1.00		1.00		1.00		1.00
T1DM	60855	6930	   1538970	4.50	1.72	(1.68 - 1.76)	1.82	(1.78 - 1.86)	1.82	(1.78 - 1.86)	1.45	(1.42 - 1.49)
T2DM	761409	79782	  19192128	4.16	1.59	(1.58 - 1.60)	1.44	(1.43 - 1.45)	1.42	(1.41 - 1.43)	1.13	(1.12 - 1.13)
UNKNOWN_DM	224269	19634	   5711362	3.44	1.34	(1.32 - 1.36)	1.19	(1.17 - 1.21)	1.18	(1.16 - 1.20)	1.04	(1.02 - 1.05)
South Asian: tested
T1DM	841031	62265	     63568	979.50	1.00		1.00		1.00		1.00
T1DM	2534	350	     63568	5.51	1.89	(1.70 - 2.09)	1.91	(1.72 - 2.12)	1.92	(1.73 - 2.13)	1.28	(1.15 - 1.43)
T2DM	136515	13165	   3480954	3.78	1.32	(1.30 - 1.35)	1.26	(1.24 - 1.29)	1.27	(1.25 - 1.30)	1.01	(0.98 - 1.03)
UNKNOWN_DM	52879	3946	   1360441	2.90	1.22	(1.18 - 1.26)	1.15	(1.11 - 1.19)	1.15	(1.11 - 1.19)	1.01	(0.98 - 1.05)
Black: tested
T1DM	295076	19335	     34679	557.55	1.00		1.00		1.00		1.00
T1DM	1377	159	     34679	4.58	1.86	(1.59 - 2.17)	1.91	(1.63 - 2.23)	1.92	(1.64 - 2.24)	1.21	(1.03 - 1.42)
T2DM	31907	3299	    806104	4.09	1.70	(1.64 - 1.76)	1.45	(1.40 - 1.51)	1.46	(1.40 - 1.52)	1.10	(1.05 - 1.15)
UNKNOWN_DM	15816	1241	    404919	3.06	1.38	(1.30 - 1.47)	1.19	(1.12 - 1.26)	1.20	(1.13 - 1.27)	1.01	(0.94 - 1.07)
Mixed: tested
T1DM	157467	9999	     16343	611.83	1.00		1.00		1.00		1.00
T1DM	646	66	     16343	4.04	1.70	(1.33 - 2.16)	1.74	(1.37 - 2.22)	1.71	(1.34 - 2.19)	1.14	(0.89 - 1.47)
T2DM	9710	989	    245713	4.03	1.68	(1.58 - 1.80)	1.53	(1.43 - 1.65)	1.54	(1.43 - 1.66)	1.13	(1.05 - 1.22)
UNKNOWN_DM	4365	392	    111435	3.52	1.56	(1.41 - 1.73)	1.40	(1.26 - 1.55)	1.40	(1.26 - 1.55)	1.14	(1.03 - 1.28)
Other: tested
T1DM	298635	13034	     16573	786.44	1.00		1.00		1.00		1.00
T1DM	650	59	     16573	3.56	2.10	(1.62 - 2.71)	2.10	(1.63 - 2.72)	2.12	(1.65 - 2.74)	1.16	(0.89 - 1.52)
T2DM	15690	1416	    399216	3.55	2.14	(2.02 - 2.26)	1.73	(1.63 - 1.84)	1.72	(1.62 - 1.83)	1.09	(1.02 - 1.16)
UNKNOWN_DM	9530	685	    244451	2.80	1.73	(1.60 - 1.87)	1.39	(1.28 - 1.51)	1.37	(1.27 - 1.49)	1.03	(0.95 - 1.12)
White: positivetest
T1DM	9972061	37406	   1585459	23.59	1.00		1.00		1.00		1.00
T1DM	60855	386	   1585459	0.24	1.68	(1.52 - 1.86)	1.83	(1.65 - 2.02)	1.83	(1.65 - 2.02)	1.45	(1.31 - 1.61)
T2DM	761409	6948	  19708910	0.35	2.39	(2.33 - 2.45)	1.73	(1.68 - 1.78)	1.68	(1.63 - 1.72)	1.32	(1.28 - 1.36)
UNKNOWN_DM	224269	1377	   5839043	0.24	1.61	(1.53 - 1.70)	1.17	(1.10 - 1.23)	1.15	(1.09 - 1.22)	1.02	(0.97 - 1.08)
South Asian: positivetest
T1DM	841031	7341	     65739	111.67	1.00		1.00		1.00		1.00
T1DM	2534	45	     65739	0.68	1.99	(1.48 - 2.67)	1.99	(1.48 - 2.66)	2.00	(1.49 - 2.69)	1.29	(0.95 - 1.76)
T2DM	136515	1958	   3550937	0.55	1.64	(1.56 - 1.73)	1.57	(1.49 - 1.67)	1.54	(1.45 - 1.63)	1.23	(1.16 - 1.31)
UNKNOWN_DM	52879	467	   1382269	0.34	1.33	(1.21 - 1.46)	1.28	(1.16 - 1.41)	1.26	(1.15 - 1.39)	1.09	(0.99 - 1.21)
Black: positivetest
T1DM	295076	1713	     35656	48.04	1.00		1.00		1.00		1.00
T1DM	1377	18	     35656	0.50	2.30	(1.45 - 3.66)	2.11	(1.32 - 3.36)	2.12	(1.33 - 3.37)	1.17	(0.73 - 1.89)
T2DM	31907	501	    826387	0.61	2.83	(2.56 - 3.13)	1.97	(1.76 - 2.21)	1.97	(1.75 - 2.20)	1.37	(1.21 - 1.55)
UNKNOWN_DM	15816	126	    413153	0.30	1.62	(1.35 - 1.96)	1.24	(1.02 - 1.50)	1.24	(1.03 - 1.50)	1.01	(0.83 - 1.23)
Mixed: positivetest
T1DM	157467	690	     16778	41.13	1.00		1.00		1.00		1.00
T1DM	646	12	     16778	0.72	4.30	(2.43 - 7.61)	4.02	(2.27 - 7.12)	4.04	(2.28 - 7.16)	2.87	(1.58 - 5.19)
T2DM	9710	132	    252091	0.52	3.16	(2.62 - 3.81)	2.04	(1.65 - 2.51)	2.00	(1.62 - 2.47)	1.57	(1.25 - 1.97)
UNKNOWN_DM	4365	30	    114025	0.26	1.80	(1.24 - 2.61)	1.28	(0.88 - 1.87)	1.18	(0.80 - 1.74)	0.97	(0.64 - 1.46)
Other: positivetest
T1DM	298635	989	     16955	58.33	1.00		1.00		1.00		1.00
T1DM	650	.	     16955	  .	1.35	(0.44 - 4.20)	1.25	(0.40 - 3.87)	1.24	(0.40 - 3.84)	0.77	(0.25 - 2.42)
T2DM	15690	192	    407836	0.47	3.74	(3.20 - 4.37)	2.39	(2.01 - 2.85)	2.34	(1.96 - 2.79)	1.47	(1.21 - 1.77)
UNKNOWN_DM	9530	71	    248751	0.29	2.55	(1.99 - 3.27)	1.74	(1.35 - 2.25)	1.69	(1.31 - 2.18)	1.23	(0.94 - 1.61)
White: ae
T1DM	9972061	735181	   1469303	500.36	1.00		1.00		1.00		1.00
T1DM	60855	8392	   1469303	5.71	1.93	(1.89 - 1.98)	2.00	(1.96 - 2.04)	1.99	(1.95 - 2.04)	1.61	(1.58 - 1.65)
T2DM	761409	95132	  18504855	5.14	1.72	(1.71 - 1.74)	1.51	(1.49 - 1.52)	1.45	(1.44 - 1.46)	1.11	(1.10 - 1.12)
UNKNOWN_DM	224269	22946	   5543181	4.14	1.49	(1.47 - 1.51)	1.31	(1.29 - 1.33)	1.29	(1.27 - 1.31)	1.10	(1.08 - 1.11)
South Asian: ae
T1DM	841031	43800	     60692	721.67	1.00		1.00		1.00		1.00
T1DM	2534	362	     60692	5.96	2.91	(2.62 - 3.22)	2.78	(2.50 - 3.08)	2.77	(2.50 - 3.08)	1.81	(1.62 - 2.01)
T2DM	136515	12643	   3389299	3.73	1.84	(1.80 - 1.87)	1.59	(1.56 - 1.63)	1.57	(1.53 - 1.61)	1.14	(1.11 - 1.17)
UNKNOWN_DM	52879	3790	   1333117	2.84	1.47	(1.42 - 1.52)	1.34	(1.30 - 1.39)	1.33	(1.28 - 1.38)	1.12	(1.08 - 1.16)
Black: ae
T1DM	295076	18815	     32656	576.17	1.00		1.00		1.00		1.00
T1DM	1377	210	     32656	6.43	2.55	(2.22 - 2.92)	2.48	(2.16 - 2.84)	2.48	(2.16 - 2.84)	1.58	(1.37 - 1.82)
T2DM	31907	3576	    781683	4.57	1.81	(1.74 - 1.87)	1.56	(1.50 - 1.63)	1.55	(1.49 - 1.62)	1.14	(1.10 - 1.20)
UNKNOWN_DM	15816	1396	    394476	3.54	1.43	(1.35 - 1.51)	1.32	(1.25 - 1.40)	1.32	(1.24 - 1.40)	1.10	(1.04 - 1.17)
Mixed: ae
T1DM	157467	10410	     15766	660.30	1.00		1.00		1.00		1.00
T1DM	646	81	     15766	5.14	1.93	(1.55 - 2.41)	1.91	(1.53 - 2.37)	1.91	(1.53 - 2.38)	1.22	(0.97 - 1.54)
T2DM	9710	1059	    238664	4.44	1.70	(1.60 - 1.81)	1.57	(1.46 - 1.68)	1.53	(1.43 - 1.64)	1.08	(1.00 - 1.17)
UNKNOWN_DM	4365	395	    109004	3.62	1.48	(1.34 - 1.64)	1.42	(1.28 - 1.58)	1.39	(1.25 - 1.54)	1.08	(0.96 - 1.20)
Other: ae
T1DM	298635	12613	     15934	791.60	1.00		1.00		1.00		1.00
T1DM	650	83	     15934	5.21	3.06	(2.47 - 3.80)	2.93	(2.36 - 3.64)	2.85	(2.29 - 3.54)	1.41	(1.13 - 1.77)
T2DM	15690	1580	    387436	4.08	2.40	(2.28 - 2.53)	1.82	(1.72 - 1.93)	1.75	(1.65 - 1.85)	1.01	(0.95 - 1.08)
UNKNOWN_DM	9530	745	    239081	3.12	1.86	(1.72 - 2.00)	1.48	(1.37 - 1.61)	1.43	(1.32 - 1.55)	0.99	(0.91 - 1.07)
White: icu
T1DM	9972061	1145	   1554753	0.74	1.00		1.00		1.00		1.00
T1DM	60855	25	   1554753	0.02	3.60	(2.42 - 5.35)	3.36	(2.26 - 4.99)	3.20	(2.14 - 4.79)	2.28	(1.51 - 3.44)
T2DM	761409	418	  19346025	0.02	4.82	(4.31 - 5.39)	3.00	(2.67 - 3.37)	2.91	(2.58 - 3.27)	1.62	(1.43 - 1.85)
UNKNOWN_DM	224269	60	   5726586	0.01	2.28	(1.75 - 2.96)	1.60	(1.23 - 2.08)	1.58	(1.21 - 2.05)	1.15	(0.87 - 1.51)
South Asian: icu
T1DM	841031	213	     64716	3.29	1.00		1.00		1.00		1.00
T1DM	2534	.	     64716	  .	6.40	(2.38 - 17.22)	4.79	(1.78 - 12.90)	4.75	(1.76 - 12.79)	1.83	(0.57 - 5.91)
T2DM	136515	137	   3490496	0.04	4.09	(3.30 - 5.08)	1.77	(1.40 - 2.24)	1.73	(1.37 - 2.19)	1.19	(0.92 - 1.54)
UNKNOWN_DM	52879	40	   1356631	0.03	3.07	(2.16 - 4.36)	1.69	(1.18 - 2.42)	1.66	(1.16 - 2.37)	1.26	(0.87 - 1.82)
Black: icu
T1DM	295076	93	     35102	2.65	1.00		1.00		1.00		1.00
T1DM	1377	.	     35102	  .	7.23	(2.29 - 22.86)	5.49	(1.73 - 17.38)	5.54	(1.75 - 17.56)	2.43	(0.73 - 8.05)
T2DM	31907	68	    813505	0.08	6.97	(5.08 - 9.56)	3.70	(2.64 - 5.19)	3.67	(2.61 - 5.15)	1.88	(1.30 - 2.72)
UNKNOWN_DM	15816	17	    405584	0.04	3.41	(1.98 - 5.85)	2.00	(1.16 - 3.47)	1.99	(1.15 - 3.46)	1.31	(0.75 - 2.29)
Mixed: icu
T1DM	157467	30	     16561	1.81	1.00		1.00		1.00		1.00
T1DM	646	0	     16561	0.00	0.00	(0.00 -    .)	0.00	(   . -    .)	0.00	(0.00 -    .)	0.00	(0.00 -    .)
T2DM	9710	23	    247908	0.09	12.54	(7.28 - 21.62)	4.92	(2.72 - 8.92)	4.95	(2.73 - 8.98)	3.75	(1.94 - 7.27)
UNKNOWN_DM	4365	.	    111889	  .	2.93	(0.68 - 12.54)	1.41	(0.33 - 6.15)	1.42	(0.33 - 6.16)	1.32	(0.30 - 5.83)
Other: icu
T1DM	298635	44	     16627	2.65	1.00		1.00		1.00		1.00
T1DM	650	0	     16627	0.00	0.00	(   . -    .)	0.00	(   . -    .)	0.00	(0.00 -    .)	0.00	(0.00 -    .)
T2DM	15690	33	    400838	0.08	14.68	(9.31 - 23.15)	6.08	(3.69 - 10.03)	5.67	(3.43 - 9.37)	3.13	(1.81 - 5.41)
UNKNOWN_DM	9530	13	    244134	0.05	9.68	(5.03 - 18.64)	4.90	(2.48 - 9.68)	4.67	(2.36 - 9.24)	2.88	(1.40 - 5.95)
White: cpnsdeath
T1DM	9972061	3724	   1589341	2.34	1.00		1.00		1.00		1.00
T1DM	60855	81	   1589341	0.05	3.57	(2.86 - 4.45)	4.41	(3.54 - 5.50)	4.36	(3.50 - 5.43)	2.84	(2.26 - 3.58)
T2DM	761409	1915	  19775083	0.10	6.73	(6.37 - 7.11)	2.27	(2.15 - 2.40)	2.18	(2.06 - 2.30)	1.59	(1.50 - 1.69)
UNKNOWN_DM	224269	281	   5853430	0.05	3.31	(2.93 - 3.74)	1.20	(1.06 - 1.36)	1.19	(1.05 - 1.35)	1.02	(0.90 - 1.16)
South Asian: cpnsdeath
T1DM	841031	199	     66197	3.01	1.00		1.00		1.00		1.00
T1DM	2534	.	     66197	  .	6.43	(2.39 - 17.30)	2.81	(1.04 - 7.58)	2.76	(1.02 - 7.43)	0.92	(0.34 - 2.52)
T2DM	136515	340	   3568852	0.10	10.16	(8.53 - 12.11)	2.07	(1.72 - 2.49)	1.96	(1.63 - 2.36)	1.32	(1.08 - 1.62)
UNKNOWN_DM	52879	57	   1387053	0.04	3.85	(2.84 - 5.20)	1.18	(0.87 - 1.61)	1.13	(0.83 - 1.54)	0.88	(0.64 - 1.22)
Black: cpnsdeath
T1DM	295076	75	     35890	2.09	1.00		1.00		1.00		1.00
T1DM	1377	.	     35890	  .	13.62	(5.51 - 33.70)	6.28	(2.52 - 15.61)	6.19	(2.49 - 15.38)	2.32	(0.90 - 6.00)
T2DM	31907	125	    832137	0.15	14.44	(10.82 - 19.28)	3.26	(2.39 - 4.45)	3.18	(2.33 - 4.34)	1.77	(1.26 - 2.48)
UNKNOWN_DM	15816	20	    414708	0.05	3.97	(2.38 - 6.60)	1.43	(0.85 - 2.40)	1.41	(0.84 - 2.37)	1.09	(0.64 - 1.87)
Mixed: cpnsdeath
T1DM	157467	23	     16927	1.36	1.00		1.00		1.00		1.00
T1DM	646	.	     16927	  .	21.15	(4.97 - 89.93)	10.49	(2.42 - 45.54)	10.62	(2.44 - 46.22)	3.00	(0.54 - 16.69)
T2DM	9710	27	    253614	0.11	17.46	(9.99 - 30.51)	3.48	(1.87 - 6.48)	3.39	(1.82 - 6.34)	3.08	(1.49 - 6.38)
UNKNOWN_DM	4365	.	    114383	  .	1.08	(0.14 - 8.12)	0.31	(0.04 - 2.39)	0.31	(0.04 - 2.33)	0.36	(0.05 - 2.81)
Other: cpnsdeath
T1DM	298635	34	     16996	2.00	1.00		1.00		1.00		1.00
T1DM	650	.	     16996	  .	13.98	(1.91 - 102.27)	7.66	(1.04 - 56.27)	7.63	(1.04 - 56.06)	4.02	(0.47 - 34.38)
T2DM	15690	50	    409919	0.12	27.38	(17.63 - 42.52)	4.93	(3.07 - 7.90)	4.77	(2.97 - 7.67)	3.25	(1.95 - 5.41)
UNKNOWN_DM	9530	11	    249688	0.04	9.09	(4.48 - 18.44)	2.30	(1.11 - 4.75)	2.24	(1.08 - 4.65)	1.57	(0.73 - 3.35)
White: onscoviddeath
T1DM	9972061	6850	   1589384	4.31	1.00		1.00		1.00		1.00
T1DM	60855	107	   1589384	0.07	2.55	(2.10 - 3.08)	3.39	(2.80 - 4.10)	3.36	(2.78 - 4.07)	2.46	(2.01 - 3.00)
T2DM	761409	2947	  19775269	0.15	5.61	(5.37 - 5.85)	1.86	(1.78 - 1.95)	1.80	(1.72 - 1.88)	1.51	(1.44 - 1.59)
UNKNOWN_DM	224269	466	   5853537	0.08	2.93	(2.66 - 3.22)	1.01	(0.92 - 1.11)	1.00	(0.91 - 1.10)	0.91	(0.83 - 1.01)
South Asian: onscoviddeath
T1DM	841031	263	     66197	3.97	1.00		1.00		1.00		1.00
T1DM	2534	.	     66197	  .	6.10	(2.52 - 14.77)	2.71	(1.12 - 6.57)	2.64	(1.09 - 6.41)	1.01	(0.41 - 2.47)
T2DM	136515	430	   3568886	0.12	9.72	(8.34 - 11.34)	2.00	(1.70 - 2.36)	1.90	(1.61 - 2.23)	1.34	(1.12 - 1.59)
UNKNOWN_DM	52879	74	   1387079	0.05	3.80	(2.92 - 4.96)	1.18	(0.90 - 1.55)	1.13	(0.86 - 1.48)	0.92	(0.70 - 1.22)
Black: onscoviddeath
T1DM	295076	105	     35890	2.93	1.00		1.00		1.00		1.00
T1DM	1377	7	     35890	0.20	13.69	(6.37 - 29.44)	6.12	(2.83 - 13.23)	6.07	(2.81 - 13.12)	2.73	(1.23 - 6.09)
T2DM	31907	166	    832171	0.20	13.81	(10.79 - 17.67)	3.00	(2.30 - 3.91)	2.95	(2.26 - 3.84)	1.82	(1.36 - 2.44)
UNKNOWN_DM	15816	27	    414726	0.07	3.96	(2.56 - 6.13)	1.40	(0.90 - 2.19)	1.39	(0.89 - 2.17)	1.14	(0.71 - 1.81)
Mixed: onscoviddeath
T1DM	157467	28	     16927	1.65	1.00		1.00		1.00		1.00
T1DM	646	.	     16927	  .	17.29	(4.11 - 72.71)	8.98	(2.10 - 38.36)	8.45	(1.97 - 36.25)	3.48	(0.68 - 17.83)
T2DM	9710	43	    253633	0.17	22.80	(14.14 - 36.76)	4.18	(2.47 - 7.09)	4.00	(2.36 - 6.79)	4.02	(2.18 - 7.44)
UNKNOWN_DM	4365	.	    114383	  .	3.43	(1.18 - 9.95)	0.93	(0.32 - 2.76)	0.90	(0.30 - 2.65)	1.08	(0.36 - 3.29)
Other: onscoviddeath
T1DM	298635	56	     16996	3.29	1.00		1.00		1.00		1.00
T1DM	650	.	     16996	  .	8.29	(1.15 - 59.96)	4.35	(0.60 - 31.57)	4.40	(0.61 - 31.97)	2.49	(0.31 - 19.88)
T2DM	15690	61	    409953	0.15	19.99	(13.87 - 28.83)	3.32	(2.25 - 4.89)	3.31	(2.23 - 4.90)	2.35	(1.54 - 3.58)
UNKNOWN_DM	9530	18	    249705	0.07	8.57	(4.92 - 14.91)	2.03	(1.15 - 3.60)	2.02	(1.14 - 3.59)	1.52	(0.84 - 2.74)
White: ons_noncoviddeath
T1DM	9972061	40386	   1589384	25.41	1.00		1.00		1.00		1.00
T1DM	60855	589	   1589384	0.37	2.38	(2.19 - 2.58)	3.11	(2.86 - 3.37)	3.07	(2.83 - 3.33)	2.33	(2.14 - 2.53)
T2DM	761409	13735	  19775269	0.69	4.42	(4.34 - 4.51)	1.59	(1.56 - 1.62)	1.54	(1.51 - 1.57)	1.37	(1.34 - 1.40)
UNKNOWN_DM	224269	2446	   5853537	0.42	2.83	(2.72 - 2.95)	1.07	(1.02 - 1.11)	1.06	(1.02 - 1.10)	0.95	(0.91 - 1.00)
South Asian: ons_noncoviddeath
T1DM	841031	701	     66197	10.59	1.00		1.00		1.00		1.00
T1DM	2534	25	     66197	0.38	11.60	(7.79 - 17.30)	5.03	(3.37 - 7.50)	4.97	(3.33 - 7.41)	2.61	(1.72 - 3.96)
T2DM	136515	930	   3568886	0.26	8.04	(7.29 - 8.87)	1.67	(1.51 - 1.86)	1.65	(1.49 - 1.83)	1.26	(1.12 - 1.41)
UNKNOWN_DM	52879	130	   1387079	0.09	2.94	(2.42 - 3.56)	0.91	(0.75 - 1.11)	0.91	(0.75 - 1.11)	0.76	(0.62 - 0.94)
Black: ons_noncoviddeath
T1DM	295076	326	     35890	9.08	1.00		1.00		1.00		1.00
T1DM	1377	16	     35890	0.45	10.19	(6.16 - 16.83)	4.32	(2.60 - 7.16)	4.07	(2.42 - 6.86)	2.44	(1.42 - 4.19)
T2DM	31907	280	    832171	0.34	7.63	(6.49 - 8.96)	1.58	(1.33 - 1.87)	1.57	(1.32 - 1.87)	1.28	(1.06 - 1.55)
UNKNOWN_DM	15816	49	    414726	0.12	2.69	(1.97 - 3.66)	0.92	(0.67 - 1.26)	0.94	(0.68 - 1.28)	0.88	(0.64 - 1.22)
Mixed: ons_noncoviddeath
T1DM	157467	106	     16927	6.26	1.00		1.00		1.00		1.00
T1DM	646	.	     16927	  .	4.76	(1.17 - 19.31)	2.37	(0.58 - 9.70)	2.36	(0.58 - 9.66)	1.06	(0.24 - 4.62)
T2DM	9710	65	    253633	0.26	10.04	(7.36 - 13.68)	1.55	(1.11 - 2.15)	1.53	(1.10 - 2.13)	1.15	(0.80 - 1.63)
UNKNOWN_DM	4365	19	    114383	0.17	7.21	(4.34 - 11.97)	1.81	(1.08 - 3.05)	1.72	(1.01 - 2.92)	1.34	(0.76 - 2.37)
Other: ons_noncoviddeath
T1DM	298635	184	     16996	10.83	1.00		1.00		1.00		1.00
T1DM	650	.	     16996	  .	9.25	(3.43 - 24.92)	5.62	(2.08 - 15.20)	5.51	(2.04 - 14.91)	1.93	(0.64 - 5.81)
T2DM	15690	117	    409953	0.29	11.49	(9.09 - 14.52)	1.93	(1.51 - 2.47)	1.91	(1.49 - 2.44)	1.30	(1.00 - 1.70)
UNKNOWN_DM	9530	33	    249705	0.13	5.61	(3.82 - 8.24)	1.28	(0.87 - 1.90)	1.27	(0.86 - 1.88)	0.98	(0.66 - 1.46)
White: onsdeath
T1DM	9972061	47236	   1589384	29.72	1.00		1.00		1.00		1.00
T1DM	60855	696	   1589384	0.44	2.40	(2.23 - 2.59)	3.15	(2.92 - 3.39)	3.11	(2.88 - 3.35)	2.35	(2.18 - 2.54)
T2DM	761409	16682	  19775269	0.84	4.59	(4.51 - 4.68)	1.63	(1.60 - 1.66)	1.58	(1.55 - 1.61)	1.39	(1.37 - 1.42)
UNKNOWN_DM	224269	2912	   5853537	0.50	2.85	(2.74 - 2.96)	1.06	(1.02 - 1.10)	1.05	(1.01 - 1.09)	0.95	(0.91 - 0.99)
South Asian: onsdeath
T1DM	841031	964	     66197	14.56	1.00		1.00		1.00		1.00
T1DM	2534	30	     66197	0.45	10.08	(7.01 - 14.50)	4.39	(3.05 - 6.32)	4.32	(3.00 - 6.22)	2.05	(1.40 - 2.99)
T2DM	136515	1360	   3568886	0.38	8.50	(7.83 - 9.24)	1.76	(1.61 - 1.92)	1.72	(1.57 - 1.87)	1.28	(1.16 - 1.40)
UNKNOWN_DM	52879	204	   1387079	0.15	3.19	(2.73 - 3.72)	0.99	(0.85 - 1.16)	0.98	(0.83 - 1.14)	0.82	(0.69 - 0.96)
Black: onsdeath
T1DM	295076	431	     35890	12.01	1.00		1.00		1.00		1.00
T1DM	1377	23	     35890	0.64	11.04	(7.25 - 16.79)	4.76	(3.12 - 7.26)	4.57	(2.96 - 7.03)	2.45	(1.56 - 3.84)
T2DM	31907	446	    832171	0.54	9.14	(8.00 - 10.44)	1.92	(1.66 - 2.22)	1.91	(1.65 - 2.21)	1.42	(1.21 - 1.66)
UNKNOWN_DM	15816	76	    414726	0.18	3.00	(2.33 - 3.86)	1.04	(0.81 - 1.34)	1.05	(0.81 - 1.35)	0.93	(0.71 - 1.22)
Mixed: onsdeath
T1DM	157467	134	     16927	7.92	1.00		1.00		1.00		1.00
T1DM	646	.	     16927	  .	7.45	(2.75 - 20.15)	3.72	(1.36 - 10.14)	3.66	(1.34 - 10.01)	1.62	(0.56 - 4.66)
T2DM	9710	108	    253633	0.43	12.84	(9.95 - 16.56)	2.05	(1.56 - 2.69)	2.01	(1.53 - 2.65)	1.61	(1.19 - 2.16)
UNKNOWN_DM	4365	23	    114383	0.20	5.84	(3.70 - 9.22)	1.48	(0.93 - 2.36)	1.40	(0.87 - 2.25)	1.19	(0.72 - 1.97)
Other: onsdeath
T1DM	298635	240	     16996	14.12	1.00		1.00		1.00		1.00
T1DM	650	.	     16996	  .	9.09	(3.75 - 22.05)	5.29	(2.17 - 12.86)	5.21	(2.14 - 12.69)	2.00	(0.75 - 5.33)
T2DM	15690	178	    409953	0.43	13.47	(11.07 - 16.38)	2.25	(1.83 - 2.76)	2.23	(1.81 - 2.74)	1.52	(1.22 - 1.91)
UNKNOWN_DM	9530	51	    249705	0.20	6.33	(4.63 - 8.67)	1.46	(1.06 - 2.01)	1.45	(1.05 - 2.00)	1.11	(0.80 - 1.54)
