Table 2: Association between ethnicity in 5 categories and COVID-19 outcomes - Complete Case Analysis
	Denominator	Event	Total person-weeks	Rate per 1,000	Crude		Age/Sex Adjusted		Age/Sex/IMD Adjusted		plus co-morbidities		plus hh size/carehome		
					HR	95% CI	HR	95% CI	HR	95% CI	HR	95% CI	HR	95% CI
suspected
White	11018521	460227	 288837687	1.59	1.00		1.00		1.00		1.00		1.00
South Asian	1032954	41343	  27156519	1.52	0.98	(0.97 - 0.99)	1.11	(1.10 - 1.12)	1.05	(1.04 - 1.06)	1.01	(1.00 - 1.03)	1.01	(1.00 - 1.03)
Black	344174	13722	   9039933	1.52	1.00	(0.98 - 1.01)	1.12	(1.10 - 1.13)	1.04	(1.02 - 1.06)	1.05	(1.03 - 1.08)	1.06	(1.03 - 1.08)
Mixed	172187	6291	   4534994	1.39	0.89	(0.87 - 0.91)	1.04	(1.02 - 1.07)	1.01	(0.98 - 1.03)	1.05	(1.02 - 1.09)	1.05	(1.01 - 1.09)
Other	324502	7673	   8599485	0.89	0.58	(0.57 - 0.60)	0.69	(0.67 - 0.70)	0.67	(0.65 - 0.68)	0.89	(0.87 - 0.92)	0.89	(0.86 - 0.92)
confirmed
White	11018393	35365	 294517723	0.12	1.00		1.00		1.00		1.00		1.00
South Asian	1032937	8404	  27629113	0.30	2.40	(2.34 - 2.46)	2.87	(2.80 - 2.94)	2.63	(2.56 - 2.70)	2.13	(2.06 - 2.21)	1.98	(1.90 - 2.06)
Black	344169	1669	   9208137	0.18	1.53	(1.45 - 1.60)	1.83	(1.74 - 1.93)	1.64	(1.56 - 1.72)	1.47	(1.37 - 1.57)	1.46	(1.36 - 1.57)
Mixed	172186	633	   4613066	0.14	1.19	(1.10 - 1.29)	1.53	(1.41 - 1.66)	1.44	(1.33 - 1.56)	1.57	(1.42 - 1.75)	1.55	(1.39 - 1.73)
Other	324500	932	   8696584	0.11	0.95	(0.89 - 1.02)	1.22	(1.14 - 1.30)	1.17	(1.09 - 1.24)	1.44	(1.32 - 1.57)	1.38	(1.26 - 1.52)
tested
White	11018594	784988	 283248146	2.77	1.00		1.00		1.00		1.00		1.00
South Asian	1032959	79726	  26598279	3.00	1.06	(1.05 - 1.07)	1.12	(1.11 - 1.13)	1.09	(1.08 - 1.10)	1.03	(1.02 - 1.04)	1.02	(1.01 - 1.03)
Black	344176	24034	   8854809	2.71	1.00	(0.98 - 1.01)	1.06	(1.05 - 1.08)	1.03	(1.02 - 1.04)	1.03	(1.01 - 1.05)	1.03	(1.01 - 1.05)
Mixed	172188	11446	   4440943	2.58	0.95	(0.93 - 0.97)	1.02	(1.00 - 1.04)	1.01	(0.99 - 1.03)	1.06	(1.03 - 1.09)	1.05	(1.02 - 1.08)
Other	324505	15194	   8412974	1.81	0.66	(0.65 - 0.67)	0.71	(0.70 - 0.72)	0.70	(0.69 - 0.72)	0.90	(0.87 - 0.92)	0.89	(0.87 - 0.91)
positivetest
White	11018594	46117	 288159744	0.16	1.00		1.00		1.00		1.00		1.00
South Asian	1032959	9811	  27023609	0.36	2.18	(2.13 - 2.23)	2.55	(2.49 - 2.61)	2.37	(2.31 - 2.42)	1.94	(1.88 - 2.01)	1.80	(1.74 - 1.87)
Black	344176	2358	   9003962	0.26	1.69	(1.62 - 1.77)	1.99	(1.91 - 2.08)	1.81	(1.74 - 1.89)	1.67	(1.58 - 1.77)	1.66	(1.56 - 1.76)
Mixed	172188	864	   4511756	0.19	1.26	(1.18 - 1.35)	1.57	(1.46 - 1.68)	1.49	(1.39 - 1.60)	1.56	(1.42 - 1.72)	1.53	(1.39 - 1.70)
Other	324505	1255	   8507454	0.15	0.98	(0.93 - 1.04)	1.21	(1.14 - 1.28)	1.16	(1.10 - 1.23)	1.44	(1.33 - 1.56)	1.39	(1.28 - 1.51)
ae
White	11018594	861651	 276821339	3.11	1.00		1.00		1.00		1.00		1.00
South Asian	1032959	60595	  26239099	2.31	0.79	(0.78 - 0.80)	0.84	(0.83 - 0.85)	0.79	(0.78 - 0.79)	0.83	(0.82 - 0.83)	0.82	(0.81 - 0.83)
Black	344176	23997	   8684377	2.76	0.94	(0.93 - 0.95)	1.01	(0.99 - 1.02)	0.92	(0.90 - 0.93)	0.98	(0.96 - 0.99)	0.98	(0.96 - 0.99)
Mixed	172188	11945	   4351911	2.74	0.92	(0.90 - 0.94)	0.98	(0.97 - 1.00)	0.94	(0.92 - 0.96)	0.98	(0.96 - 1.01)	0.98	(0.95 - 1.01)
Other	324505	15021	   8306017	1.81	0.62	(0.61 - 0.63)	0.66	(0.65 - 0.67)	0.64	(0.63 - 0.65)	0.90	(0.88 - 0.92)	0.89	(0.87 - 0.91)
icu
White	11018594	1648	 282392850	0.01	1.00		1.00		1.00		1.00		1.00
South Asian	1032959	394	  26522971	0.01	2.37	(2.11 - 2.66)	3.28	(2.91 - 3.70)	3.05	(2.70 - 3.44)	2.57	(2.21 - 2.99)	2.37	(2.00 - 2.80)
Black	344176	181	   8834810	0.02	3.09	(2.64 - 3.62)	3.92	(3.34 - 4.60)	3.51	(2.98 - 4.13)	3.16	(2.60 - 3.85)	3.00	(2.44 - 3.70)
Mixed	172188	55	   4423359	0.01	1.99	(1.52 - 2.61)	3.22	(2.46 - 4.23)	3.06	(2.33 - 4.01)	3.19	(2.32 - 4.39)	3.19	(2.28 - 4.45)
Other	324505	90	   8336783	0.01	1.74	(1.41 - 2.16)	2.79	(2.24 - 3.46)	2.68	(2.16 - 3.33)	3.28	(2.52 - 4.26)	3.04	(2.29 - 4.02)
cpnsdeath
White	11018594	6001	 288665179	0.02	1.00		1.00		1.00		1.00		1.00
South Asian	1032959	600	  27115397	0.02	0.90	(0.83 - 0.98)	1.92	(1.76 - 2.10)	1.68	(1.54 - 1.84)	1.56	(1.41 - 1.72)	1.54	(1.38 - 1.72)
Black	344176	225	   9032750	0.02	0.99	(0.86 - 1.13)	1.99	(1.73 - 2.28)	1.67	(1.46 - 1.92)	1.50	(1.28 - 1.76)	1.55	(1.32 - 1.82)
Mixed	172188	53	   4522118	0.01	0.51	(0.39 - 0.67)	1.60	(1.22 - 2.10)	1.46	(1.11 - 1.92)	1.44	(1.06 - 1.95)	1.48	(1.08 - 2.03)
Other	324505	96	   8522828	0.01	0.50	(0.41 - 0.61)	1.42	(1.16 - 1.74)	1.34	(1.09 - 1.64)	1.50	(1.20 - 1.88)	1.48	(1.17 - 1.88)
onscoviddeath
White	11018594	10370	 288666405	0.04	1.00		1.00		1.00		1.00		1.00
South Asian	1032959	772	  27115506	0.03	0.71	(0.66 - 0.76)	1.58	(1.46 - 1.70)	1.40	(1.29 - 1.51)	1.31	(1.20 - 1.43)	1.26	(1.14 - 1.39)
Black	344176	305	   9032819	0.03	0.83	(0.74 - 0.94)	1.73	(1.54 - 1.94)	1.48	(1.31 - 1.66)	1.31	(1.15 - 1.50)	1.40	(1.22 - 1.62)
Mixed	172188	77	   4522161	0.02	0.45	(0.36 - 0.56)	1.50	(1.19 - 1.87)	1.38	(1.10 - 1.72)	1.44	(1.13 - 1.85)	1.51	(1.18 - 1.95)
Other	324505	136	   8522889	0.02	0.42	(0.36 - 0.50)	1.27	(1.07 - 1.51)	1.19	(1.01 - 1.42)	1.28	(1.05 - 1.56)	1.27	(1.04 - 1.55)
ons_noncoviddeath
White	11018594	57156	 288666405	0.20	1.00		1.00		1.00		1.00		1.00
South Asian	1032959	1786	  27115506	0.07	0.37	(0.35 - 0.39)	0.81	(0.78 - 0.86)	0.74	(0.70 - 0.77)	0.78	(0.74 - 0.82)	0.76	(0.72 - 0.81)
Black	344176	671	   9032819	0.07	0.42	(0.39 - 0.45)	0.89	(0.82 - 0.96)	0.77	(0.72 - 0.84)	0.78	(0.71 - 0.85)	0.81	(0.73 - 0.89)
Mixed	172188	192	   4522161	0.04	0.23	(0.20 - 0.27)	0.77	(0.67 - 0.89)	0.72	(0.62 - 0.83)	0.76	(0.65 - 0.90)	0.75	(0.63 - 0.89)
Other	324505	338	   8522889	0.04	0.22	(0.20 - 0.25)	0.67	(0.60 - 0.75)	0.64	(0.58 - 0.71)	0.76	(0.67 - 0.86)	0.75	(0.66 - 0.85)
onsdeath
White	11018594	67526	 288666405	0.23	1.00		1.00		1.00		1.00		1.00
South Asian	1032959	2558	  27115506	0.09	0.43	(0.41 - 0.45)	0.95	(0.91 - 0.99)	0.86	(0.82 - 0.89)	0.89	(0.85 - 0.93)	0.87	(0.83 - 0.91)
Black	344176	976	   9032819	0.11	0.50	(0.47 - 0.53)	1.04	(0.98 - 1.11)	0.91	(0.85 - 0.97)	0.90	(0.83 - 0.97)	0.93	(0.86 - 1.01)
Mixed	172188	269	   4522161	0.06	0.27	(0.24 - 0.30)	0.89	(0.79 - 1.01)	0.83	(0.74 - 0.94)	0.90	(0.78 - 1.03)	0.90	(0.78 - 1.04)
Other	324505	474	   8522889	0.06	0.26	(0.24 - 0.28)	0.77	(0.70 - 0.85)	0.74	(0.67 - 0.81)	0.86	(0.78 - 0.96)	0.85	(0.76 - 0.95)
