Table 6: Ethnicity and household composition - Complete Case Analysis
	Denominator	Event	Total person-weeks	Rate per 1,000	Crude		Age/Sex Adjusted		Age/Sex/IMD Adjusted		plus co-morbidities		
					HR	95% CI	HR	95% CI	HR	95% CI	HR	95% CI	
White: confirmed
1-2	5223273	16566	 139477248	0.12	1.00		1.00		1.00		1.00
3-5	3796951	10193	 101749083	0.10	0.83	(0.81 - 0.85)	1.24	(1.21 - 1.28)	1.26	(1.22 - 1.29)	1.26	(1.22 - 1.31)
6-10	450455	1475	  12050857	0.12	1.05	(0.99 - 1.10)	1.63	(1.55 - 1.73)	1.57	(1.48 - 1.66)	1.86	(1.72 - 2.00)
11+	112697	3081	   2839572	1.09	10.08	(9.69 - 10.48)	7.54	(7.24 - 7.86)	7.35	(7.05 - 7.66)	8.27	(7.84 - 8.72)
South Asian: confirmed
1-2	212586	1224	   5683990	0.22	1.00		1.00		1.00		1.00
3-5	435031	3715	  11637271	0.32	1.37	(1.28 - 1.46)	1.42	(1.33 - 1.51)	1.42	(1.33 - 1.51)	1.25	(1.15 - 1.36)
6-10	221785	2090	   5932794	0.35	1.49	(1.39 - 1.60)	1.57	(1.46 - 1.69)	1.52	(1.41 - 1.63)	1.39	(1.27 - 1.53)
11+	41474	331	   1109550	0.30	1.50	(1.32 - 1.69)	1.64	(1.45 - 1.85)	1.61	(1.42 - 1.82)	1.51	(1.28 - 1.79)
Black: confirmed
1-2	119407	582	   3191870	0.18	1.00		1.00		1.00		1.00
3-5	136955	686	   3666071	0.19	0.99	(0.88 - 1.11)	1.13	(1.01 - 1.26)	1.12	(1.00 - 1.25)	1.08	(0.93 - 1.25)
6-10	50819	229	   1361046	0.17	0.89	(0.76 - 1.03)	1.10	(0.94 - 1.28)	1.08	(0.92 - 1.26)	1.10	(0.89 - 1.36)
11+	6864	44	    182519	0.24	1.27	(0.93 - 1.72)	1.76	(1.29 - 2.40)	1.75	(1.29 - 2.39)	2.42	(1.65 - 3.56)
Mixed: confirmed
1-2	63225	197	   1693408	0.12	1.00		1.00		1.00		1.00
3-5	70231	282	   1881849	0.15	1.23	(1.02 - 1.47)	1.41	(1.17 - 1.70)	1.41	(1.17 - 1.70)	1.17	(0.91 - 1.49)
6-10	18228	80	    488608	0.16	1.34	(1.03 - 1.73)	1.64	(1.26 - 2.14)	1.62	(1.24 - 2.11)	1.34	(0.94 - 1.92)
11+	3611	18	     96434	0.19	1.59	(0.97 - 2.60)	2.28	(1.39 - 3.73)	2.29	(1.40 - 3.74)	3.05	(1.62 - 5.72)
Other: confirmed
1-2	120546	284	   3230198	0.09	1.00		1.00		1.00		1.00
3-5	118787	400	   3183942	0.13	1.40	(1.21 - 1.64)	1.39	(1.19 - 1.62)	1.38	(1.18 - 1.61)	1.22	(0.99 - 1.50)
6-10	39978	128	   1071822	0.12	1.31	(1.07 - 1.62)	1.43	(1.15 - 1.76)	1.38	(1.12 - 1.71)	1.25	(0.94 - 1.68)
11+	14559	37	    389596	0.09	1.18	(0.83 - 1.67)	1.77	(1.25 - 2.52)	1.78	(1.25 - 2.52)	3.90	(2.58 - 5.90)
White: tested
1-2	5223385	376296	 134122761	2.81	1.00		1.00		1.00		1.00
3-5	3796995	258571	  97963831	2.64	0.94	(0.93 - 0.94)	1.07	(1.06 - 1.07)	1.07	(1.07 - 1.08)	1.09	(1.08 - 1.10)
6-10	450463	30236	  11597846	2.61	0.94	(0.93 - 0.95)	1.07	(1.06 - 1.09)	1.06	(1.05 - 1.07)	1.33	(1.31 - 1.35)
11+	112705	29855	   2550709	11.70	4.69	(4.63 - 4.75)	4.28	(4.23 - 4.33)	4.28	(4.22 - 4.33)	6.27	(6.17 - 6.37)
South Asian: tested
1-2	212591	16209	   5466462	2.97	1.00		1.00		1.00		1.00
3-5	435038	37712	  11177850	3.37	1.09	(1.07 - 1.11)	1.11	(1.09 - 1.14)	1.12	(1.09 - 1.14)	1.05	(1.03 - 1.08)
6-10	221791	15238	   5729774	2.66	0.88	(0.86 - 0.90)	0.92	(0.90 - 0.94)	0.92	(0.90 - 0.95)	0.91	(0.88 - 0.94)
11+	41474	2056	   1074626	1.91	0.67	(0.64 - 0.70)	0.73	(0.70 - 0.76)	0.73	(0.70 - 0.77)	0.91	(0.85 - 0.97)
Black: tested
1-2	119412	8590	   3067584	2.80	1.00		1.00		1.00		1.00
3-5	136956	10196	   3520637	2.90	1.01	(0.98 - 1.03)	1.04	(1.01 - 1.07)	1.04	(1.01 - 1.07)	1.03	(0.99 - 1.08)
6-10	50820	2938	   1314130	2.24	0.77	(0.74 - 0.80)	0.84	(0.80 - 0.87)	0.84	(0.80 - 0.88)	0.87	(0.82 - 0.93)
11+	6864	519	    175082	2.96	1.02	(0.93 - 1.12)	1.25	(1.14 - 1.37)	1.26	(1.15 - 1.38)	2.10	(1.87 - 2.35)
Mixed: tested
1-2	63226	4236	   1629517	2.60	1.00		1.00		1.00		1.00
3-5	70232	5043	   1809599	2.79	1.05	(1.01 - 1.09)	1.07	(1.02 - 1.11)	1.07	(1.02 - 1.11)	1.06	(0.99 - 1.12)
6-10	18228	986	    471964	2.09	0.78	(0.73 - 0.84)	0.83	(0.77 - 0.89)	0.84	(0.78 - 0.90)	0.89	(0.80 - 0.99)
11+	3611	225	     92896	2.42	0.88	(0.76 - 1.00)	1.04	(0.91 - 1.19)	1.05	(0.91 - 1.20)	1.85	(1.52 - 2.27)
Other: tested
1-2	120548	5446	   3125969	1.74	1.00		1.00		1.00		1.00
3-5	118790	6600	   3073582	2.15	1.23	(1.19 - 1.28)	1.19	(1.14 - 1.23)	1.19	(1.14 - 1.23)	1.06	(1.01 - 1.12)
6-10	39978	1551	   1039366	1.49	0.86	(0.81 - 0.91)	0.88	(0.83 - 0.93)	0.88	(0.83 - 0.93)	0.90	(0.83 - 0.98)
11+	14559	382	    378704	1.01	0.57	(0.51 - 0.63)	0.74	(0.67 - 0.83)	0.76	(0.68 - 0.84)	1.68	(1.44 - 1.95)
White: positivetest
1-2	5223385	20727	 136489911	0.15	1.00		1.00		1.00		1.00
3-5	3796995	13910	  99535945	0.14	0.91	(0.89 - 0.93)	1.32	(1.29 - 1.35)	1.34	(1.31 - 1.37)	1.35	(1.31 - 1.40)
6-10	450463	1983	  11789287	0.17	1.15	(1.10 - 1.21)	1.67	(1.59 - 1.75)	1.61	(1.53 - 1.69)	2.02	(1.89 - 2.16)
11+	112705	4310	   2771675	1.56	11.39	(11.02 - 11.78)	7.40	(7.14 - 7.67)	7.25	(7.00 - 7.51)	8.29	(7.92 - 8.68)
South Asian: positivetest
1-2	212591	1502	   5560309	0.27	1.00		1.00		1.00		1.00
3-5	435038	4469	  11379070	0.39	1.36	(1.28 - 1.44)	1.44	(1.36 - 1.53)	1.44	(1.35 - 1.53)	1.33	(1.23 - 1.43)
6-10	221791	2289	   5804323	0.39	1.37	(1.29 - 1.47)	1.47	(1.38 - 1.57)	1.43	(1.34 - 1.53)	1.35	(1.24 - 1.47)
11+	41474	375	   1085517	0.35	1.38	(1.23 - 1.54)	1.53	(1.37 - 1.72)	1.52	(1.35 - 1.70)	1.56	(1.34 - 1.83)
Black: positivetest
1-2	119412	800	   3121839	0.26	1.00		1.00		1.00		1.00
3-5	136956	996	   3584000	0.28	1.06	(0.96 - 1.16)	1.22	(1.11 - 1.35)	1.22	(1.10 - 1.34)	1.22	(1.08 - 1.39)
6-10	50820	298	   1331140	0.22	0.85	(0.74 - 0.97)	1.06	(0.93 - 1.22)	1.05	(0.91 - 1.20)	1.10	(0.91 - 1.32)
11+	6864	67	    178511	0.38	1.40	(1.09 - 1.80)	1.90	(1.48 - 2.44)	1.90	(1.48 - 2.45)	2.61	(1.90 - 3.58)
Mixed: positivetest
1-2	63226	254	   1656677	0.15	1.00		1.00		1.00		1.00
3-5	70232	407	   1840087	0.22	1.40	(1.19 - 1.63)	1.62	(1.38 - 1.90)	1.63	(1.38 - 1.91)	1.34	(1.07 - 1.67)
6-10	18228	102	    477818	0.21	1.32	(1.05 - 1.66)	1.62	(1.28 - 2.05)	1.57	(1.24 - 1.99)	1.17	(0.82 - 1.67)
11+	3611	29	     94308	0.31	1.91	(1.29 - 2.84)	2.60	(1.76 - 3.86)	2.63	(1.77 - 3.89)	3.53	(2.10 - 5.93)
Other: positivetest
1-2	120548	383	   3160459	0.12	1.00		1.00		1.00		1.00
3-5	118790	561	   3113910	0.18	1.43	(1.25 - 1.63)	1.45	(1.27 - 1.66)	1.44	(1.26 - 1.65)	1.42	(1.18 - 1.72)
6-10	39978	155	   1048684	0.15	1.18	(0.98 - 1.42)	1.30	(1.08 - 1.57)	1.27	(1.05 - 1.54)	1.37	(1.05 - 1.79)
11+	14559	48	    381229	0.13	1.12	(0.82 - 1.53)	1.66	(1.22 - 2.26)	1.64	(1.20 - 2.24)	3.57	(2.41 - 5.29)
White: ae
1-2	5223385	443651	 130662894	3.40	1.00		1.00		1.00		1.00
3-5	3796995	270225	  95923639	2.82	0.83	(0.83 - 0.83)	0.96	(0.95 - 0.96)	0.97	(0.96 - 0.97)	0.98	(0.98 - 0.99)
6-10	450463	35365	  11309661	3.13	0.94	(0.93 - 0.95)	1.05	(1.04 - 1.06)	1.00	(0.99 - 1.01)	1.08	(1.06 - 1.10)
11+	112705	13450	   2640537	5.09	1.62	(1.59 - 1.65)	1.22	(1.20 - 1.24)	1.20	(1.18 - 1.22)	1.37	(1.34 - 1.40)
South Asian: ae
1-2	212591	13426	   5381286	2.49	1.00		1.00		1.00		1.00
3-5	435038	25601	  11053669	2.32	0.93	(0.91 - 0.95)	1.02	(0.99 - 1.04)	1.02	(0.99 - 1.04)	0.95	(0.92 - 0.97)
6-10	221791	13223	   5631449	2.35	0.94	(0.92 - 0.96)	1.03	(1.00 - 1.05)	1.01	(0.99 - 1.04)	0.98	(0.95 - 1.01)
11+	41474	1802	   1061998	1.70	0.70	(0.66 - 0.73)	0.80	(0.76 - 0.84)	0.79	(0.75 - 0.83)	0.93	(0.87 - 0.99)
Black: ae
1-2	119412	9376	   2997025	3.13	1.00		1.00		1.00		1.00
3-5	136956	9336	   3460341	2.70	0.86	(0.84 - 0.89)	0.92	(0.89 - 0.95)	0.93	(0.90 - 0.95)	0.97	(0.93 - 1.01)
6-10	50820	3207	   1287198	2.49	0.79	(0.76 - 0.83)	0.86	(0.83 - 0.90)	0.86	(0.82 - 0.89)	0.95	(0.90 - 1.01)
11+	6864	399	    173526	2.30	0.74	(0.67 - 0.82)	0.79	(0.72 - 0.88)	0.80	(0.72 - 0.89)	0.97	(0.83 - 1.12)
Mixed: ae
1-2	63226	4849	   1590479	3.05	1.00		1.00		1.00		1.00
3-5	70232	4794	   1777414	2.70	0.87	(0.84 - 0.91)	0.91	(0.87 - 0.95)	0.91	(0.87 - 0.95)	0.92	(0.86 - 0.98)
6-10	18228	1165	    461930	2.52	0.82	(0.77 - 0.88)	0.86	(0.80 - 0.91)	0.84	(0.78 - 0.89)	0.90	(0.81 - 0.99)
11+	3611	177	     91977	1.92	0.69	(0.59 - 0.81)	0.70	(0.60 - 0.81)	0.71	(0.61 - 0.82)	0.97	(0.75 - 1.24)
Other: ae
1-2	120548	5634	   3084545	1.83	1.00		1.00		1.00		1.00
3-5	118790	5951	   3034873	1.96	1.06	(1.02 - 1.10)	1.10	(1.06 - 1.14)	1.09	(1.05 - 1.14)	0.94	(0.89 - 0.99)
6-10	39978	1830	   1023151	1.79	0.98	(0.93 - 1.03)	1.05	(1.00 - 1.11)	1.01	(0.96 - 1.06)	0.95	(0.88 - 1.02)
11+	14559	364	    376439	0.97	0.62	(0.56 - 0.69)	0.72	(0.65 - 0.81)	0.74	(0.66 - 0.82)	1.25	(1.07 - 1.46)
White: icu
1-2	5223385	906	 133742345	0.01	1.00		1.00		1.00		1.00
3-5	3796995	478	  97532626	0.00	0.70	(0.63 - 0.78)	1.11	(0.99 - 1.25)	1.13	(1.00 - 1.27)	1.14	(0.99 - 1.32)
6-10	450463	50	  11553618	0.00	0.61	(0.46 - 0.81)	1.27	(0.95 - 1.70)	1.22	(0.91 - 1.63)	1.48	(1.04 - 2.09)
11+	112705	14	   2749942	0.01	0.72	(0.42 - 1.22)	1.45	(0.85 - 2.46)	1.38	(0.81 - 2.34)	2.27	(1.27 - 4.04)
South Asian: icu
1-2	212591	72	   5453993	0.01	1.00		1.00		1.00		1.00
3-5	435038	180	  11173143	0.02	1.24	(0.95 - 1.64)	1.40	(1.06 - 1.84)	1.39	(1.05 - 1.83)	1.04	(0.76 - 1.41)
6-10	221791	84	   5696023	0.01	1.16	(0.84 - 1.59)	1.39	(1.01 - 1.91)	1.32	(0.96 - 1.82)	0.98	(0.68 - 1.41)
11+	41474	12	   1064749	0.01	0.84	(0.45 - 1.55)	1.20	(0.65 - 2.22)	1.11	(0.60 - 2.07)	0.87	(0.41 - 1.83)
Black: icu
1-2	119412	61	   3062931	0.02	1.00		1.00		1.00		1.00
3-5	136956	75	   3517596	0.02	1.07	(0.76 - 1.51)	1.39	(0.98 - 1.96)	1.36	(0.96 - 1.92)	1.35	(0.90 - 2.03)
6-10	50820	25	   1305537	0.02	0.96	(0.60 - 1.53)	1.40	(0.87 - 2.25)	1.40	(0.87 - 2.25)	1.29	(0.72 - 2.32)
11+	6864	.	    175183	  .	1.17	(0.42 - 3.23)	1.88	(0.68 - 5.20)	1.87	(0.68 - 5.17)	2.58	(0.79 - 8.39)
Mixed: icu
1-2	63226	16	   1623417	0.01	1.00		1.00		1.00		1.00
3-5	70232	28	   1804822	0.02	1.46	(0.79 - 2.70)	2.09	(1.11 - 3.92)	2.11	(1.12 - 3.96)	2.13	(1.01 - 4.47)
6-10	18228	6	    468504	0.01	1.19	(0.46 - 3.04)	1.87	(0.72 - 4.84)	1.82	(0.70 - 4.73)	1.19	(0.33 - 4.35)
11+	3611	.	     92525	  .	1.03	(0.13 - 8.09)	2.32	(0.30 - 17.76)	2.27	(0.30 - 17.36)	5.24	(0.66 - 41.64)
Other: icu
1-2	120548	31	   3096195	0.01	1.00		1.00		1.00		1.00
3-5	118790	34	   3052877	0.01	1.13	(0.69 - 1.85)	1.14	(0.69 - 1.86)	1.15	(0.70 - 1.88)	0.95	(0.54 - 1.66)
6-10	39978	12	   1027394	0.01	1.15	(0.59 - 2.25)	1.29	(0.66 - 2.52)	1.21	(0.62 - 2.38)	0.45	(0.15 - 1.30)
11+	14559	.	    373363	  .	0.28	(0.04 - 2.14)	0.57	(0.08 - 4.24)	0.58	(0.08 - 4.32)	0.99	(0.13 - 7.38)
White: cpnsdeath
1-2	5223385	3908	 136710894	0.03	1.00		1.00		1.00		1.00
3-5	3796995	691	  99702839	0.01	0.23	(0.22 - 0.25)	1.03	(0.95 - 1.12)	1.03	(0.95 - 1.12)	1.08	(0.98 - 1.19)
6-10	450463	152	  11810392	0.01	0.44	(0.38 - 0.52)	2.10	(1.78 - 2.47)	1.98	(1.68 - 2.34)	1.89	(1.54 - 2.31)
11+	112705	682	   2808437	0.24	9.53	(8.77 - 10.36)	4.64	(4.25 - 5.07)	4.47	(4.09 - 4.88)	4.19	(3.76 - 4.66)
South Asian: cpnsdeath
1-2	212591	192	   5575563	0.03	1.00		1.00		1.00		1.00
3-5	435038	211	  11423042	0.02	0.54	(0.44 - 0.65)	1.06	(0.87 - 1.30)	1.06	(0.87 - 1.29)	1.06	(0.85 - 1.31)
6-10	221791	118	   5823173	0.02	0.57	(0.45 - 0.71)	1.11	(0.88 - 1.41)	1.07	(0.85 - 1.35)	1.09	(0.85 - 1.40)
11+	41474	21	   1088505	0.02	0.50	(0.32 - 0.79)	1.37	(0.87 - 2.15)	1.26	(0.80 - 1.99)	1.26	(0.75 - 2.11)
Black: cpnsdeath
1-2	119412	119	   3131396	0.04	1.00		1.00		1.00		1.00
3-5	136956	58	   3596541	0.02	0.45	(0.33 - 0.62)	0.87	(0.63 - 1.20)	0.87	(0.63 - 1.20)	0.90	(0.62 - 1.30)
6-10	50820	14	   1334842	0.01	0.28	(0.16 - 0.49)	0.70	(0.40 - 1.22)	0.70	(0.40 - 1.22)	0.84	(0.45 - 1.60)
11+	6864	20	    179072	0.11	3.02	(1.87 - 4.87)	5.51	(3.42 - 8.90)	5.55	(3.44 - 8.96)	6.24	(3.46 - 11.26)
Mixed: cpnsdeath
1-2	63226	23	   1659609	0.01	1.00		1.00		1.00		1.00
3-5	70232	17	   1845197	0.01	0.71	(0.38 - 1.33)	1.30	(0.68 - 2.47)	1.31	(0.69 - 2.51)	1.70	(0.81 - 3.57)
6-10	18228	.	    478939	  .	0.75	(0.29 - 1.99)	1.39	(0.52 - 3.70)	1.38	(0.52 - 3.69)	0.68	(0.14 - 3.38)
11+	3611	6	     94588	0.06	5.66	(2.26 - 14.22)	5.57	(2.15 - 14.39)	5.38	(2.07 - 13.98)	11.21	(3.36 - 37.43)
Other: cpnsdeath
1-2	120548	42	   3165167	0.01	1.00		1.00		1.00		1.00
3-5	118790	23	   3121063	0.01	0.56	(0.33 - 0.93)	0.89	(0.53 - 1.49)	0.89	(0.53 - 1.49)	0.80	(0.45 - 1.43)
6-10	39978	10	   1050360	0.01	0.72	(0.36 - 1.44)	1.25	(0.62 - 2.52)	1.23	(0.61 - 2.48)	1.19	(0.54 - 2.61)
11+	14559	14	    381661	0.04	2.97	(1.55 - 5.68)	6.58	(3.52 - 12.31)	6.62	(3.53 - 12.41)	8.72	(4.23 - 17.95)
White: onscoviddeath
1-2	5223385	5485	 136711634	0.04	1.00		1.00		1.00		1.00
3-5	3796995	1031	  99702994	0.01	0.25	(0.24 - 0.27)	1.19	(1.11 - 1.28)	1.19	(1.12 - 1.28)	1.27	(1.17 - 1.37)
6-10	450463	418	  11810409	0.04	0.91	(0.83 - 1.01)	4.37	(3.95 - 4.83)	4.20	(3.80 - 4.65)	4.15	(3.67 - 4.68)
11+	112705	2588	   2808577	0.92	27.54	(26.25 - 28.89)	11.83	(11.21 - 12.47)	11.45	(10.86 - 12.08)	9.85	(9.22 - 10.52)
South Asian: onscoviddeath
1-2	212591	247	   5575566	0.04	1.00		1.00		1.00		1.00
3-5	435038	256	  11423093	0.02	0.50	(0.42 - 0.60)	1.02	(0.85 - 1.21)	1.01	(0.84 - 1.21)	1.00	(0.83 - 1.21)
6-10	221791	158	   5823219	0.03	0.59	(0.48 - 0.72)	1.17	(0.96 - 1.44)	1.13	(0.92 - 1.39)	1.13	(0.91 - 1.41)
11+	41474	39	   1088516	0.04	0.74	(0.53 - 1.04)	2.02	(1.44 - 2.84)	1.89	(1.34 - 2.66)	1.76	(1.19 - 2.61)
Black: onscoviddeath
1-2	119412	144	   3131431	0.05	1.00		1.00		1.00		1.00
3-5	136956	73	   3596576	0.02	0.46	(0.35 - 0.62)	0.94	(0.71 - 1.26)	0.93	(0.70 - 1.25)	0.96	(0.69 - 1.33)
6-10	50820	22	   1334843	0.02	0.37	(0.24 - 0.58)	0.96	(0.61 - 1.51)	0.96	(0.61 - 1.51)	1.27	(0.77 - 2.10)
11+	6864	44	    179072	0.25	5.67	(4.02 - 7.98)	9.82	(6.97 - 13.86)	9.83	(6.97 - 13.86)	9.08	(5.79 - 14.25)
Mixed: onscoviddeath
1-2	63226	35	   1659627	0.02	1.00		1.00		1.00		1.00
3-5	70232	19	   1845212	0.01	0.52	(0.30 - 0.91)	0.98	(0.56 - 1.74)	1.01	(0.57 - 1.78)	1.44	(0.77 - 2.69)
6-10	18228	7	    478949	0.01	0.69	(0.31 - 1.56)	1.33	(0.59 - 3.03)	1.29	(0.57 - 2.94)	1.37	(0.50 - 3.76)
11+	3611	14	     94588	0.15	7.96	(4.18 - 15.16)	9.17	(4.78 - 17.60)	8.92	(4.65 - 17.11)	15.21	(6.92 - 33.44)
Other: onscoviddeath
1-2	120548	51	   3165218	0.02	1.00		1.00		1.00		1.00
3-5	118790	32	   3121063	0.01	0.65	(0.41 - 1.01)	1.07	(0.68 - 1.68)	1.07	(0.68 - 1.68)	0.94	(0.57 - 1.57)
6-10	39978	15	   1050370	0.01	0.91	(0.51 - 1.62)	1.62	(0.90 - 2.90)	1.61	(0.90 - 2.88)	1.26	(0.63 - 2.54)
11+	14559	32	    381661	0.08	6.66	(4.20 - 10.56)	12.45	(7.86 - 19.70)	12.17	(7.64 - 19.38)	11.64	(6.57 - 20.61)
White: ons_noncoviddeath
1-2	5223385	36164	 136711634	0.26	1.00		1.00		1.00		1.00
3-5	3796995	6209	  99702994	0.06	0.24	(0.23 - 0.24)	1.02	(0.99 - 1.05)	1.02	(0.99 - 1.05)	1.08	(1.05 - 1.12)
6-10	450463	1632	  11810409	0.14	0.55	(0.53 - 0.58)	2.32	(2.21 - 2.44)	2.24	(2.13 - 2.35)	2.38	(2.24 - 2.54)
11+	112705	7717	   2808577	2.75	11.99	(11.69 - 12.29)	4.59	(4.47 - 4.72)	4.47	(4.35 - 4.59)	4.10	(3.96 - 4.24)
South Asian: ons_noncoviddeath
1-2	212591	612	   5575566	0.11	1.00		1.00		1.00		1.00
3-5	435038	597	  11423093	0.05	0.47	(0.42 - 0.53)	1.02	(0.91 - 1.15)	1.03	(0.91 - 1.15)	1.16	(1.02 - 1.31)
6-10	221791	324	   5823219	0.06	0.49	(0.43 - 0.57)	1.00	(0.87 - 1.14)	0.98	(0.85 - 1.12)	1.06	(0.91 - 1.23)
11+	41474	76	   1088516	0.07	0.64	(0.50 - 0.81)	1.70	(1.33 - 2.16)	1.66	(1.31 - 2.11)	1.91	(1.46 - 2.49)
Black: ons_noncoviddeath
1-2	119412	378	   3131431	0.12	1.00		1.00		1.00		1.00
3-5	136956	161	   3596576	0.04	0.39	(0.32 - 0.47)	0.82	(0.68 - 0.99)	0.82	(0.68 - 0.99)	0.92	(0.73 - 1.16)
6-10	50820	44	   1334843	0.03	0.29	(0.21 - 0.39)	0.77	(0.56 - 1.05)	0.76	(0.55 - 1.05)	1.00	(0.68 - 1.48)
11+	6864	47	    179072	0.26	2.29	(1.69 - 3.11)	3.72	(2.74 - 5.06)	3.78	(2.78 - 5.15)	3.93	(2.67 - 5.77)
Mixed: ons_noncoviddeath
1-2	63226	123	   1659627	0.07	1.00		1.00		1.00		1.00
3-5	70232	39	   1845212	0.02	0.28	(0.20 - 0.40)	0.64	(0.44 - 0.93)	0.65	(0.45 - 0.94)	0.79	(0.50 - 1.25)
6-10	18228	7	    478949	0.01	0.19	(0.09 - 0.42)	0.47	(0.22 - 1.01)	0.47	(0.22 - 1.02)	0.89	(0.38 - 2.08)
11+	3611	8	     94588	0.08	1.15	(0.55 - 2.41)	1.51	(0.72 - 3.15)	1.50	(0.72 - 3.13)	1.12	(0.38 - 3.32)
Other: ons_noncoviddeath
1-2	120548	189	   3165218	0.06	1.00		1.00		1.00		1.00
3-5	118790	62	   3121063	0.02	0.32	(0.24 - 0.43)	0.61	(0.46 - 0.82)	0.62	(0.46 - 0.83)	0.71	(0.51 - 1.00)
6-10	39978	22	   1050370	0.02	0.36	(0.23 - 0.56)	0.75	(0.48 - 1.17)	0.74	(0.47 - 1.16)	0.93	(0.53 - 1.63)
11+	14559	34	    381661	0.09	1.83	(1.25 - 2.69)	3.25	(2.23 - 4.75)	3.22	(2.21 - 4.71)	3.32	(2.05 - 5.40)
White: onsdeath
1-2	5223385	41649	 136711634	0.30	1.00		1.00		1.00		1.00
3-5	3796995	7240	  99702994	0.07	0.24	(0.23 - 0.24)	1.05	(1.02 - 1.07)	1.05	(1.02 - 1.07)	1.11	(1.07 - 1.14)
6-10	450463	2050	  11810409	0.17	0.60	(0.58 - 0.63)	2.57	(2.46 - 2.69)	2.48	(2.37 - 2.59)	2.62	(2.48 - 2.76)
11+	112705	10305	   2808577	3.67	13.99	(13.69 - 14.31)	5.45	(5.32 - 5.58)	5.30	(5.18 - 5.43)	4.83	(4.69 - 4.98)
South Asian: onsdeath
1-2	212591	859	   5575566	0.15	1.00		1.00		1.00		1.00
3-5	435038	853	  11423093	0.07	0.48	(0.44 - 0.53)	1.02	(0.93 - 1.13)	1.02	(0.93 - 1.13)	1.11	(0.99 - 1.23)
6-10	221791	482	   5823219	0.08	0.52	(0.47 - 0.58)	1.05	(0.94 - 1.18)	1.03	(0.92 - 1.15)	1.09	(0.96 - 1.23)
11+	41474	115	   1088516	0.11	0.67	(0.55 - 0.81)	1.81	(1.48 - 2.20)	1.74	(1.43 - 2.12)	1.89	(1.52 - 2.36)
Black: onsdeath
1-2	119412	522	   3131431	0.17	1.00		1.00		1.00		1.00
3-5	136956	234	   3596576	0.07	0.41	(0.35 - 0.48)	0.85	(0.73 - 1.00)	0.85	(0.73 - 1.00)	0.93	(0.77 - 1.12)
6-10	50820	66	   1334843	0.05	0.31	(0.24 - 0.40)	0.82	(0.63 - 1.07)	0.82	(0.63 - 1.06)	1.08	(0.79 - 1.47)
11+	6864	91	    179072	0.51	3.22	(2.57 - 4.04)	5.36	(4.27 - 6.72)	5.42	(4.32 - 6.80)	5.31	(3.97 - 7.10)
Mixed: onsdeath
1-2	63226	158	   1659627	0.10	1.00		1.00		1.00		1.00
3-5	70232	58	   1845212	0.03	0.33	(0.25 - 0.45)	0.72	(0.53 - 0.98)	0.73	(0.54 - 1.00)	0.95	(0.66 - 1.36)
6-10	18228	14	    478949	0.03	0.30	(0.18 - 0.53)	0.68	(0.39 - 1.19)	0.68	(0.39 - 1.18)	1.04	(0.55 - 1.96)
11+	3611	22	     94588	0.23	2.61	(1.64 - 4.17)	3.27	(2.05 - 5.21)	3.22	(2.02 - 5.14)	4.39	(2.42 - 7.97)
Other: onsdeath
1-2	120548	240	   3165218	0.08	1.00		1.00		1.00		1.00
3-5	118790	94	   3121063	0.03	0.39	(0.31 - 0.50)	0.72	(0.56 - 0.91)	0.72	(0.56 - 0.92)	0.76	(0.57 - 1.01)
6-10	39978	37	   1050370	0.04	0.47	(0.34 - 0.67)	0.95	(0.67 - 1.35)	0.94	(0.66 - 1.33)	1.04	(0.67 - 1.60)
11+	14559	66	    381661	0.17	2.85	(2.14 - 3.79)	5.15	(3.88 - 6.85)	5.04	(3.79 - 6.71)	5.17	(3.60 - 7.44)
