char	Infected_pop	onsdeath0	onsdeath1

1	   92,268 (100.0)	   79,810 (100.0)	   12,458 (100.0)	

Age (years)
Mean (SD)	56.5 (21.0)	52.9 (19.8)	80.0 (11.5)	
Median (IQR)	55.0 (40.0-75.0)	51.0 (37.0-67.0)	82.0 (74.0-88.0)	

Male
1	   39,655 (43.0)	   32,689 (41.0)	    6,966 (55.9)	

Eth 5 categories
1	   57,891 (62.7)	   49,040 (61.4)	    8,851 (71.0)	
2	   12,021 (13.0)	   11,363 (14.2)	      658 (5.3)	
3	    2,851 (3.1)	    2,593 (3.2)	      258 (2.1)	
4	    1,076 (1.2)	    1,016 (1.3)	       60 (0.5)	
5	    1,578 (1.7)	    1,470 (1.8)	      108 (0.9)	
6	   16,851 (18.3)	   14,328 (18.0)	    2,523 (20.3)	

Eth 16 collapsed
1	   51,449 (55.8)	   43,177 (54.1)	    8,272 (66.4)	
2	      498 (0.5)	      391 (0.5)	      107 (0.9)	
3	    5,944 (6.4)	    5,472 (6.9)	      472 (3.8)	
4	    4,973 (5.4)	    4,685 (5.9)	      288 (2.3)	
5	    4,316 (4.7)	    4,126 (5.2)	      190 (1.5)	
6	      469 (0.5)	      427 (0.5)	       42 (0.3)	
7	      696 (0.8)	      561 (0.7)	      135 (1.1)	
8	    1,700 (1.8)	    1,615 (2.0)	       85 (0.7)	
9	      197 (0.2)	      177 (0.2)	       20 (0.2)	
10	    1,076 (1.2)	    1,016 (1.3)	       60 (0.5)	
11	    4,099 (4.4)	    3,835 (4.8)	      264 (2.1)	
12	   16,851 (18.3)	   14,328 (18.0)	    2,523 (20.3)	

Number of GP consultations in the 12 months prior to baseline
Mean (SD)	9.4 (12.7)	8.7 (12.0)	13.5 (15.7)	
Median (IQR)	6.0 (2.0-12.0)	5.0 (2.0-11.0)	9.0 (4.0-18.0)	

Index of Multiple Deprivation (IMD)
1	   14,778 (16.0)	   12,595 (15.8)	    2,183 (17.5)	
2	   16,455 (17.8)	   14,106 (17.7)	    2,349 (18.9)	
3	   17,621 (19.1)	   15,156 (19.0)	    2,465 (19.8)	
4	   20,619 (22.3)	   17,900 (22.4)	    2,719 (21.8)	
5	   22,033 (23.9)	   19,363 (24.3)	    2,670 (21.4)	

Number of people in household
1	   37,242 (40.4)	   30,314 (38.0)	    6,928 (55.6)	
2	   30,351 (32.9)	   28,825 (36.1)	    1,526 (12.2)	
3	    6,871 (7.4)	    6,311 (7.9)	      560 (4.5)	
4	    6,854 (7.4)	    4,506 (5.6)	    2,348 (18.8)	
.	        0 (0.0)	        0 (0.0)	        0 (0.0)	

Care home y/n
0	   85,473 (92.6)	   75,609 (94.7)	    9,864 (79.2)	
1	    6,795 (7.4)	    4,201 (5.3)	    2,594 (20.8)	

Body Mass Index (BMI, kg/m2)
Mean (SD)	28.2 (6.2)	28.4 (6.2)	27.4 (6.1)	
Median (IQR)	27.4 (23.8-31.8)	27.5 (23.9-32.0)	26.6 (23.1-31.0)	

HbA1c %
Mean (SD)	6.1 (1.3)	6.1 (1.3)	6.4 (1.4)	
Median (IQR)	5.7 (5.4-6.3)	5.7 (5.4-6.2)	6.0 (5.6-6.7)	

HbA1c mmo/mol
Mean (SD)	43.3 (14.0)	42.7 (13.7)	46.4 (14.8)	
Median (IQR)	39.0 (36.0-45.0)	39.0 (35.0-44.0)	42.0 (38.0-50.0)	

Count of co-morbid conditions
Mean (SD)	1.9 (1.2)	1.8 (1.1)	3.0 (1.2)	
Median (IQR)	2.0 (1.0-3.0)	1.0 (1.0-2.0)	3.0 (2.0-4.0)	

Diabetes Type
0	   73,731 (79.9)	   65,955 (82.6)	    7,776 (62.4)	
1	      741 (0.8)	      596 (0.7)	      145 (1.2)	
2	   14,659 (15.9)	   10,764 (13.5)	    3,895 (31.3)	
3	    3,137 (3.4)	    2,495 (3.1)	      642 (5.2)	

