Table 6: Ethnicity and household composition - Complete Case Analysis
	Denominator	Event	Total person-weeks	Rate per 1,000	Crude		Age/Sex Adjusted		Age/Sex/IMD Adjusted		plus co-morbidities		
					HR	95% CI	HR	95% CI	HR	95% CI	HR	95% CI	HR	95% CI
White: confirmed
T1DM	9971897	28277	   1619863	17.46	1.00		1.00		1.00		1.00
T1DM	60853	341	   1619863	0.21	1.98	(1.78 - 2.20)	2.14	(1.92 - 2.38)	2.13	(1.91 - 2.37)	1.64	(1.47 - 1.83)
T2DM	761378	5623	  20137259	0.28	2.60	(2.52 - 2.67)	1.81	(1.75 - 1.86)	1.74	(1.69 - 1.80)	1.33	(1.29 - 1.38)
UNKNOWN_DM	224265	1124	   5966754	0.19	1.80	(1.69 - 1.91)	1.27	(1.19 - 1.35)	1.25	(1.17 - 1.33)	1.07	(1.01 - 1.14)
South Asian: confirmed
T1DM	841015	6275	     67275	93.27	1.00		1.00		1.00		1.00
T1DM	2534	32	     67275	0.48	1.62	(1.15 - 2.30)	1.64	(1.16 - 2.32)	1.66	(1.17 - 2.34)	1.14	(0.79 - 1.63)
T2DM	136509	1680	   3629346	0.46	1.63	(1.54 - 1.72)	1.60	(1.50 - 1.70)	1.54	(1.45 - 1.64)	1.22	(1.14 - 1.31)
UNKNOWN_DM	52879	417	   1412706	0.30	1.43	(1.29 - 1.58)	1.39	(1.25 - 1.54)	1.36	(1.22 - 1.50)	1.15	(1.04 - 1.28)
Black: confirmed
T1DM	295071	1205	     36556	32.96	1.00		1.00		1.00		1.00
T1DM	1377	8	     36556	0.22	1.45	(0.72 - 2.91)	1.36	(0.68 - 2.72)	1.36	(0.68 - 2.72)	0.76	(0.37 - 1.53)
T2DM	31906	351	    845529	0.42	2.83	(2.51 - 3.18)	2.02	(1.77 - 2.31)	2.01	(1.75 - 2.29)	1.37	(1.18 - 1.58)
UNKNOWN_DM	15815	105	    422323	0.25	1.94	(1.58 - 2.39)	1.47	(1.19 - 1.82)	1.47	(1.19 - 1.82)	1.10	(0.88 - 1.37)
Mixed: confirmed
T1DM	157466	495	     17176	28.82	1.00		1.00		1.00		1.00
T1DM	646	8	     17176	0.47	3.97	(1.97 - 7.98)	3.84	(1.91 - 7.73)	3.89	(1.93 - 7.84)	2.53	(1.24 - 5.19)
T2DM	9709	110	    257748	0.43	3.73	(3.04 - 4.59)	2.46	(1.95 - 3.11)	2.44	(1.93 - 3.08)	1.66	(1.30 - 2.13)
UNKNOWN_DM	4365	20	    116631	0.17	1.82	(1.15 - 2.86)	1.28	(0.81 - 2.04)	1.14	(0.70 - 1.85)	0.76	(0.45 - 1.30)
Other: confirmed
T1DM	298631	729	     17306	42.12	1.00		1.00		1.00		1.00
T1DM	650	6	     17306	0.35	3.73	(1.67 - 8.32)	3.51	(1.57 - 7.83)	3.45	(1.55 - 7.72)	2.05	(0.91 - 4.63)
T2DM	15689	142	    417076	0.34	3.73	(3.11 - 4.47)	2.44	(1.99 - 2.98)	2.35	(1.92 - 2.88)	1.37	(1.10 - 1.70)
UNKNOWN_DM	9530	55	    254343	0.22	2.55	(1.92 - 3.38)	1.75	(1.31 - 2.34)	1.70	(1.27 - 2.28)	1.14	(0.84 - 1.55)
White: tested
T1DM	9972061	678642	   1538970	440.97	1.00		1.00		1.00		1.00
T1DM	60855	6930	   1538970	4.50	1.72	(1.68 - 1.76)	1.82	(1.78 - 1.86)	1.82	(1.78 - 1.86)	1.45	(1.42 - 1.49)
T2DM	761409	79782	  19192128	4.16	1.59	(1.58 - 1.60)	1.44	(1.43 - 1.45)	1.42	(1.41 - 1.43)	1.13	(1.12 - 1.13)
UNKNOWN_DM	224269	19634	   5711362	3.44	1.34	(1.32 - 1.36)	1.19	(1.17 - 1.21)	1.18	(1.16 - 1.20)	1.04	(1.02 - 1.05)
South Asian: tested
T1DM	841031	62265	     63568	979.50	1.00		1.00		1.00		1.00
T1DM	2534	350	     63568	5.51	1.89	(1.70 - 2.09)	1.91	(1.72 - 2.12)	1.92	(1.73 - 2.13)	1.28	(1.15 - 1.43)
T2DM	136515	13165	   3480954	3.78	1.32	(1.30 - 1.35)	1.26	(1.24 - 1.29)	1.27	(1.25 - 1.30)	1.01	(0.98 - 1.03)
UNKNOWN_DM	52879	3946	   1360441	2.90	1.22	(1.18 - 1.26)	1.15	(1.11 - 1.19)	1.15	(1.11 - 1.19)	1.01	(0.98 - 1.05)
Black: tested
T1DM	295076	19335	     34679	557.55	1.00		1.00		1.00		1.00
T1DM	1377	159	     34679	4.58	1.86	(1.59 - 2.17)	1.91	(1.63 - 2.23)	1.92	(1.64 - 2.24)	1.21	(1.03 - 1.42)
T2DM	31907	3299	    806104	4.09	1.70	(1.64 - 1.76)	1.45	(1.40 - 1.51)	1.46	(1.40 - 1.52)	1.10	(1.05 - 1.15)
UNKNOWN_DM	15816	1241	    404919	3.06	1.38	(1.30 - 1.47)	1.19	(1.12 - 1.26)	1.20	(1.13 - 1.27)	1.01	(0.94 - 1.07)
Mixed: tested
T1DM	157467	9999	     16343	611.83	1.00		1.00		1.00		1.00
T1DM	646	66	     16343	4.04	1.70	(1.33 - 2.16)	1.74	(1.37 - 2.22)	1.71	(1.34 - 2.19)	1.14	(0.89 - 1.47)
T2DM	9710	989	    245713	4.03	1.68	(1.58 - 1.80)	1.53	(1.43 - 1.65)	1.54	(1.43 - 1.66)	1.13	(1.05 - 1.22)
UNKNOWN_DM	4365	392	    111435	3.52	1.56	(1.41 - 1.73)	1.40	(1.26 - 1.55)	1.40	(1.26 - 1.55)	1.14	(1.03 - 1.28)
Other: tested
T1DM	298635	13034	     16573	786.44	1.00		1.00		1.00		1.00
T1DM	650	59	     16573	3.56	2.10	(1.62 - 2.71)	2.10	(1.63 - 2.72)	2.12	(1.65 - 2.74)	1.16	(0.89 - 1.52)
T2DM	15690	1416	    399216	3.55	2.14	(2.02 - 2.26)	1.73	(1.63 - 1.84)	1.72	(1.62 - 1.83)	1.09	(1.02 - 1.16)
UNKNOWN_DM	9530	685	    244451	2.80	1.73	(1.60 - 1.87)	1.39	(1.28 - 1.51)	1.37	(1.27 - 1.49)	1.03	(0.95 - 1.12)