char	General_Pop	confirmed0	confirmed1

1	 1.63e+07 (100.0)	 1.63e+07 (100.0)	   57,535 (100.0)	

Age (years)
Mean (SD)	49.8 (18.6)	49.7 (18.6)	57.0 (20.6)	
Median (IQR)	49.0 (34.0-64.0)	49.0 (34.0-64.0)	56.0 (41.0-74.0)	

Male
1	  8088051 (49.6)	  8062722 (49.6)	   25,329 (44.0)	

Eth 5 categories
1	 1.10e+07 (67.6)	 1.10e+07 (67.6)	   35,566 (61.8)	
2	  1032959 (6.3)	  1024533 (6.3)	    8,426 (14.6)	
3	  344,176 (2.1)	  342,500 (2.1)	    1,676 (2.9)	
4	  172,188 (1.1)	  171,553 (1.1)	      635 (1.1)	
5	  324,505 (2.0)	  323,568 (2.0)	      937 (1.6)	
6	  3416823 (21.0)	  3406528 (21.0)	   10,295 (17.9)	

Eth 16 collapsed
1	  9588581 (58.8)	  9557051 (58.8)	   31,530 (54.8)	
2	   79,279 (0.5)	   78,990 (0.5)	      289 (0.5)	
3	  1350734 (8.3)	  1346987 (8.3)	    3,747 (6.5)	
4	  435,896 (2.7)	  432,461 (2.7)	    3,435 (6.0)	
5	  302,775 (1.9)	  299,484 (1.8)	    3,291 (5.7)	
6	   70,201 (0.4)	   69,869 (0.4)	      332 (0.6)	
7	   83,167 (0.5)	   82,735 (0.5)	      432 (0.8)	
8	  192,185 (1.2)	  191,206 (1.2)	      979 (1.7)	
9	  105,432 (0.6)	  105,324 (0.6)	      108 (0.2)	
10	  172,188 (1.1)	  171,553 (1.1)	      635 (1.1)	
11	  511,984 (3.1)	  509,522 (3.1)	    2,462 (4.3)	
12	  3416823 (21.0)	  3406528 (21.0)	   10,295 (17.9)	

Number of GP consultations in the 12 months prior to baseline
Mean (SD)	6.0 (8.6)	5.9 (8.5)	10.0 (13.1)	
Median (IQR)	3.0 (1.0-8.0)	3.0 (1.0-8.0)	6.0 (2.0-13.0)	

Index of Multiple Deprivation (IMD)
1	  3337759 (20.5)	  3328733 (20.5)	    9,026 (15.7)	
2	  3350505 (20.5)	  3340300 (20.6)	   10,205 (17.7)	
3	  3314458 (20.3)	  3303528 (20.3)	   10,930 (19.0)	
4	  3267597 (20.0)	  3254711 (20.0)	   12,886 (22.4)	
5	  2903133 (17.8)	  2889122 (17.8)	   14,011 (24.4)	

Number of people in household
1	  7129375 (43.7)	  7106104 (43.7)	   23,271 (40.4)	
2	  5791501 (35.5)	  5773051 (35.5)	   18,450 (32.1)	
3	  945,301 (5.8)	  940,656 (5.8)	    4,645 (8.1)	
4	  211,374 (1.3)	  207,035 (1.3)	    4,339 (7.5)	
.	        0 (0.0)	        0 (0.0)	        0 (0.0)	

Care home y/n
0	 1.62e+07 (99.6)	 1.62e+07 (99.6)	   53,308 (92.7)	
1	   72,958 (0.4)	   68,731 (0.4)	    4,227 (7.3)	

Body Mass Index (BMI, kg/m2)
Mean (SD)	27.4 (5.7)	27.4 (5.7)	28.3 (6.2)	
Median (IQR)	26.5 (23.4-30.5)	26.5 (23.3-30.5)	27.5 (23.9-31.9)	

HbA1c %
Mean (SD)	5.9 (1.0)	5.9 (1.0)	6.1 (1.3)	
Median (IQR)	5.6 (5.4-6.0)	5.6 (5.4-6.0)	5.7 (5.4-6.3)	

HbA1c mmo/mol
Mean (SD)	40.9 (96.4)	40.9 (96.6)	43.5 (14.0)	
Median (IQR)	38.0 (35.0-42.0)	38.0 (35.0-42.0)	39.0 (36.0-45.0)	

Count of co-morbid conditions
Mean (SD)	1.5 (0.8)	1.5 (0.8)	2.0 (1.2)	
Median (IQR)	1.0 (1.0-2.0)	1.0 (1.0-2.0)	2.0 (1.0-3.0)	

Diabetes Type
0	 1.47e+07 (90.0)	 1.46e+07 (90.1)	   45,477 (79.0)	
1	   83,495 (0.5)	   83,022 (0.5)	      473 (0.8)	
2	  1177716 (7.2)	  1168155 (7.2)	    9,561 (16.6)	
3	  366,106 (2.2)	  364,082 (2.2)	    2,024 (3.5)	

