char	Infected_pop	icu0	icu1

1	   92,268 (100.0)	   89,525 (100.0)	    2,743 (100.0)	

Age (years)
Mean (SD)	56.5 (21.0)	56.5 (21.2)	59.3 (12.3)	
Median (IQR)	55.0 (40.0-75.0)	55.0 (39.0-75.0)	60.0 (52.0-68.0)	

Male
1	   39,655 (43.0)	   37,740 (42.2)	    1,915 (69.8)	

Eth 5 categories
1	   57,891 (62.7)	   56,319 (62.9)	    1,572 (57.3)	
2	   12,021 (13.0)	   11,638 (13.0)	      383 (14.0)	
3	    2,851 (3.1)	    2,677 (3.0)	      174 (6.3)	
4	    1,076 (1.2)	    1,022 (1.1)	       54 (2.0)	
5	    1,578 (1.7)	    1,489 (1.7)	       89 (3.2)	
6	   16,851 (18.3)	   16,380 (18.3)	      471 (17.2)	

Eth 16 collapsed
1	   51,449 (55.8)	   50,049 (55.9)	    1,400 (51.0)	
2	      498 (0.5)	      493 (0.6)	        5 (0.2)	
3	    5,944 (6.4)	    5,777 (6.5)	      167 (6.1)	
4	    4,973 (5.4)	    4,827 (5.4)	      146 (5.3)	
5	    4,316 (4.7)	    4,208 (4.7)	      108 (3.9)	
6	      469 (0.5)	      445 (0.5)	       24 (0.9)	
7	      696 (0.8)	      657 (0.7)	       39 (1.4)	
8	    1,700 (1.8)	    1,591 (1.8)	      109 (4.0)	
9	      197 (0.2)	      181 (0.2)	       16 (0.6)	
10	    1,076 (1.2)	    1,022 (1.1)	       54 (2.0)	
11	    4,099 (4.4)	    3,895 (4.4)	      204 (7.4)	
12	   16,851 (18.3)	   16,380 (18.3)	      471 (17.2)	

Number of GP consultations in the 12 months prior to baseline
Mean (SD)	9.4 (12.7)	9.4 (12.7)	9.5 (11.5)	
Median (IQR)	6.0 (2.0-12.0)	6.0 (2.0-12.0)	7.0 (3.0-12.0)	

Index of Multiple Deprivation (IMD)
1	   14,778 (16.0)	   14,326 (16.0)	      452 (16.5)	
2	   16,455 (17.8)	   15,980 (17.8)	      475 (17.3)	
3	   17,621 (19.1)	   17,081 (19.1)	      540 (19.7)	
4	   20,619 (22.3)	   19,974 (22.3)	      645 (23.5)	
5	   22,033 (23.9)	   21,408 (23.9)	      625 (22.8)	

Number of people in household
1	   36,576 (39.6)	   35,315 (39.4)	    1,261 (46.0)	
2	   29,897 (32.4)	   28,979 (32.4)	      918 (33.5)	
3	    6,236 (6.8)	    6,045 (6.8)	      191 (7.0)	
4	    2,009 (2.2)	    1,978 (2.2)	       31 (1.1)	
.	        0 (0.0)	        0 (0.0)	        0 (0.0)	

Care home y/n
0	   85,473 (92.6)	   82,738 (92.4)	    2,735 (99.7)	
1	    6,795 (7.4)	    6,787 (7.6)	        8 (0.3)	

Body Mass Index (BMI, kg/m2)
Mean (SD)	28.2 (6.2)	28.1 (6.2)	31.6 (6.1)	
Median (IQR)	27.4 (23.8-31.8)	27.3 (23.7-31.6)	30.7 (27.2-35.3)	

HbA1c %
Mean (SD)	6.1 (1.3)	6.1 (1.3)	6.6 (1.6)	
Median (IQR)	5.7 (5.4-6.3)	5.7 (5.4-6.3)	6.0 (5.6-7.1)	

HbA1c mmo/mol
Mean (SD)	43.3 (14.0)	43.1 (13.8)	48.8 (17.6)	
Median (IQR)	39.0 (36.0-45.0)	39.0 (36.0-45.0)	42.0 (38.0-54.0)	

Count of co-morbid conditions
Mean (SD)	1.9 (1.2)	1.9 (1.2)	2.0 (1.0)	
Median (IQR)	2.0 (1.0-3.0)	1.0 (1.0-3.0)	2.0 (1.0-3.0)	

Diabetes Type
0	   73,731 (79.9)	   71,917 (80.3)	    1,814 (66.1)	
1	      741 (0.8)	      703 (0.8)	       38 (1.4)	
2	   14,659 (15.9)	   13,904 (15.5)	      755 (27.5)	
3	    3,137 (3.4)	    3,001 (3.4)	      136 (5.0)	

