char	Infected_pop	onscoviddeath0	onscoviddeath1

1	   92,268 (100.0)	   81,309 (100.0)	   10,959 (100.0)	

Age (years)
Mean (SD)	56.5 (21.0)	53.4 (20.0)	79.9 (11.6)	
Median (IQR)	55.0 (40.0-75.0)	52.0 (37.0-68.0)	82.0 (74.0-88.0)	

Male
1	   39,655 (43.0)	   33,443 (41.1)	    6,212 (56.7)	

Eth 5 categories
1	   57,891 (62.7)	   50,138 (61.7)	    7,753 (70.7)	
2	   12,021 (13.0)	   11,419 (14.0)	      602 (5.5)	
3	    2,851 (3.1)	    2,612 (3.2)	      239 (2.2)	
4	    1,076 (1.2)	    1,020 (1.3)	       56 (0.5)	
5	    1,578 (1.7)	    1,481 (1.8)	       97 (0.9)	
6	   16,851 (18.3)	   14,639 (18.0)	    2,212 (20.2)	

Eth 16 collapsed
1	   51,449 (55.8)	   44,207 (54.4)	    7,242 (66.1)	
2	      498 (0.5)	      403 (0.5)	       95 (0.9)	
3	    5,944 (6.4)	    5,528 (6.8)	      416 (3.8)	
4	    4,973 (5.4)	    4,706 (5.8)	      267 (2.4)	
5	    4,316 (4.7)	    4,149 (5.1)	      167 (1.5)	
6	      469 (0.5)	      429 (0.5)	       40 (0.4)	
7	      696 (0.8)	      572 (0.7)	      124 (1.1)	
8	    1,700 (1.8)	    1,618 (2.0)	       82 (0.7)	
9	      197 (0.2)	      177 (0.2)	       20 (0.2)	
10	    1,076 (1.2)	    1,020 (1.3)	       56 (0.5)	
11	    4,099 (4.4)	    3,861 (4.7)	      238 (2.2)	
12	   16,851 (18.3)	   14,639 (18.0)	    2,212 (20.2)	

Number of GP consultations in the 12 months prior to baseline
Mean (SD)	9.4 (12.7)	8.8 (12.1)	13.4 (15.6)	
Median (IQR)	6.0 (2.0-12.0)	5.0 (2.0-11.0)	9.0 (4.0-18.0)	

Index of Multiple Deprivation (IMD)
1	   14,778 (16.0)	   12,865 (15.8)	    1,913 (17.5)	
2	   16,455 (17.8)	   14,391 (17.7)	    2,064 (18.8)	
3	   17,621 (19.1)	   15,463 (19.0)	    2,158 (19.7)	
4	   20,619 (22.3)	   18,221 (22.4)	    2,398 (21.9)	
5	   22,033 (23.9)	   19,669 (24.2)	    2,364 (21.6)	

Number of people in household
1	   36,576 (39.6)	   30,752 (37.8)	    5,824 (53.1)	
2	   29,897 (32.4)	   28,706 (35.3)	    1,191 (10.9)	
3	    6,236 (6.8)	    5,939 (7.3)	      297 (2.7)	
4	    2,009 (2.2)	    1,554 (1.9)	      455 (4.2)	
.	        0 (0.0)	        0 (0.0)	        0 (0.0)	

Care home y/n
0	   85,473 (92.6)	   76,824 (94.5)	    8,649 (78.9)	
1	    6,795 (7.4)	    4,485 (5.5)	    2,310 (21.1)	

Body Mass Index (BMI, kg/m2)
Mean (SD)	28.2 (6.2)	28.3 (6.2)	27.5 (6.2)	
Median (IQR)	27.4 (23.8-31.8)	27.5 (23.9-31.9)	26.8 (23.1-31.2)	

HbA1c %
Mean (SD)	6.1 (1.3)	6.1 (1.3)	6.4 (1.4)	
Median (IQR)	5.7 (5.4-6.3)	5.7 (5.4-6.2)	6.0 (5.6-6.8)	

HbA1c mmo/mol
Mean (SD)	43.3 (14.0)	42.8 (13.7)	46.5 (14.8)	
Median (IQR)	39.0 (36.0-45.0)	39.0 (35.0-44.0)	42.0 (38.0-51.0)	

Count of co-morbid conditions
Mean (SD)	1.9 (1.2)	1.8 (1.1)	3.0 (1.2)	
Median (IQR)	2.0 (1.0-3.0)	1.0 (1.0-2.0)	3.0 (2.0-4.0)	

Diabetes Type
0	   73,731 (79.9)	   66,943 (82.3)	    6,788 (61.9)	
1	      741 (0.8)	      615 (0.8)	      126 (1.1)	
2	   14,659 (15.9)	   11,166 (13.7)	    3,493 (31.9)	
3	    3,137 (3.4)	    2,585 (3.2)	      552 (5.0)	

