char	ICU_pop	ventilated0	ventilated1

1	    2,859 (100.0)	    1,208 (100.0)	    1,651 (100.0)	

Age (years)
Mean (SD)	59.4 (12.4)	59.9 (13.2)	59.0 (11.8)	
Median (IQR)	60.0 (52.0-68.0)	60.0 (52.0-69.5)	60.0 (52.0-67.0)	

Male
1	    1,993 (69.7)	      802 (66.4)	    1,191 (72.1)	

Eth 5 categories
1	    1,648 (57.6)	      757 (62.7)	      891 (54.0)	
2	      394 (13.8)	      132 (10.9)	      262 (15.9)	
3	      181 (6.3)	       64 (5.3)	      117 (7.1)	
4	       55 (1.9)	       23 (1.9)	       32 (1.9)	
5	       90 (3.1)	       29 (2.4)	       61 (3.7)	
6	      491 (17.2)	      203 (16.8)	      288 (17.4)	

Eth 16 collapsed
1	    1,465 (51.2)	      675 (55.9)	      790 (47.8)	
2	        5 (0.2)	        3 (0.2)	        2 (0.1)	
3	      178 (6.2)	       79 (6.5)	       99 (6.0)	
4	      154 (5.4)	       46 (3.8)	      108 (6.5)	
5	      110 (3.8)	       44 (3.6)	       66 (4.0)	
6	       24 (0.8)	        4 (0.3)	       20 (1.2)	
7	       40 (1.4)	       13 (1.1)	       27 (1.6)	
8	      115 (4.0)	       39 (3.2)	       76 (4.6)	
9	       16 (0.6)	        5 (0.4)	       11 (0.7)	
10	       55 (1.9)	       23 (1.9)	       32 (1.9)	
11	      206 (7.2)	       74 (6.1)	      132 (8.0)	
12	      491 (17.2)	      203 (16.8)	      288 (17.4)	

Number of GP consultations in the 12 months prior to baseline
Mean (SD)	9.6 (11.6)	10.7 (13.5)	8.8 (10.0)	
Median (IQR)	7.0 (3.0-13.0)	7.0 (3.0-13.0)	6.0 (3.0-12.0)	

Index of Multiple Deprivation (IMD)
1	      472 (16.5)	      203 (16.8)	      269 (16.3)	
2	      495 (17.3)	      199 (16.5)	      296 (17.9)	
3	      562 (19.7)	      222 (18.4)	      340 (20.6)	
4	      679 (23.7)	      261 (21.6)	      418 (25.3)	
5	      644 (22.5)	      320 (26.5)	      324 (19.6)	

Number of people in household
1	    1,328 (46.4)	      593 (49.1)	      735 (44.5)	
2	      945 (33.1)	      373 (30.9)	      572 (34.6)	
3	      196 (6.9)	       62 (5.1)	      134 (8.1)	
4	       39 (1.4)	       17 (1.4)	       22 (1.3)	
.	        0 (0.0)	        0 (0.0)	        0 (0.0)	

Care home y/n
0	    2,851 (99.7)	    1,202 (99.5)	    1,649 (99.9)	
1	        8 (0.3)	        6 (0.5)	        2 (0.1)	

Body Mass Index (BMI, kg/m2)
Mean (SD)	31.6 (6.1)	31.5 (6.4)	31.6 (5.8)	
Median (IQR)	30.7 (27.1-35.3)	30.4 (26.8-35.0)	30.9 (27.3-35.3)	

HbA1c %
Mean (SD)	6.6 (1.6)	6.6 (1.6)	6.6 (1.6)	
Median (IQR)	6.0 (5.6-7.1)	6.0 (5.6-7.2)	6.0 (5.6-7.0)	

HbA1c mmo/mol
Mean (SD)	48.7 (17.5)	48.9 (17.5)	48.5 (17.5)	
Median (IQR)	42.0 (38.0-54.0)	42.0 (38.0-55.0)	42.0 (38.0-53.0)	

Count of co-morbid conditions
Mean (SD)	2.0 (1.0)	2.1 (1.1)	2.0 (1.0)	
Median (IQR)	2.0 (1.0-3.0)	2.0 (1.0-3.0)	2.0 (1.0-3.0)	

Diabetes Type
0	    1,887 (66.0)	      812 (67.2)	    1,075 (65.1)	
1	       40 (1.4)	       19 (1.6)	       21 (1.3)	
2	      784 (27.4)	      329 (27.2)	      455 (27.6)	
3	      148 (5.2)	       48 (4.0)	      100 (6.1)	

