Table 6: Risk of COVID-19 outcomes amongst those with evidence of infection - Complete Case Analysis
	Denominator	Event	Total person-weeks	Rate per 1,000	Crude		Age/Sex Adjusted		Age/Sex/IMD Adjusted		plus co-morbidities		plus hh size/carehome		
					HR	95% CI	HR	95% CI	HR	95% CI	HR	95% CI	HR	95% CI
ae
White	39205	4199	    587859	7.14	1.00		1.00		1.00		1.00		1.00
South Asian	9640	670	     97140	6.90	0.82	(0.75 - 0.89)	1.00	(0.91 - 1.09)	0.96	(0.88 - 1.05)	0.96	(0.85 - 1.07)	0.97	(0.86 - 1.10)
Black	1943	215	     26863	8.00	1.03	(0.90 - 1.18)	1.22	(1.06 - 1.40)	1.18	(1.03 - 1.36)	1.07	(0.88 - 1.29)	1.10	(0.91 - 1.34)
Mixed	815	96	     15207	6.31	1.12	(0.92 - 1.38)	1.37	(1.12 - 1.68)	1.35	(1.10 - 1.65)	1.21	(0.92 - 1.59)	1.21	(0.90 - 1.61)
Other	1140	115	     13352	8.61	0.93	(0.77 - 1.12)	1.13	(0.94 - 1.36)	1.10	(0.91 - 1.33)	1.17	(0.91 - 1.50)	1.13	(0.86 - 1.48)
icu
White	57265	946	    769657	1.23	1.00		1.00		1.00		1.00		1.00
South Asian	11872	234	    118834	1.97	1.30	(1.12 - 1.51)	1.40	(1.20 - 1.63)	1.38	(1.18 - 1.61)	1.31	(1.08 - 1.59)	1.27	(1.02 - 1.58)
Black	2781	104	     36832	2.82	1.96	(1.59 - 2.41)	1.90	(1.54 - 2.34)	1.83	(1.48 - 2.27)	1.70	(1.32 - 2.20)	1.61	(1.23 - 2.12)
Mixed	1060	38	     18229	2.08	2.00	(1.44 - 2.77)	2.16	(1.56 - 2.99)	2.15	(1.55 - 2.98)	2.07	(1.40 - 3.07)	2.18	(1.45 - 3.28)
Other	1535	46	     18400	2.50	1.56	(1.15 - 2.10)	1.62	(1.20 - 2.19)	1.62	(1.19 - 2.19)	1.69	(1.18 - 2.43)	1.65	(1.13 - 2.41)
cpnsdeath
White	57660	5304	    811287	6.54	1.00		1.00		1.00		1.00		1.00
South Asian	11986	520	    128607	4.04	0.45	(0.41 - 0.50)	1.26	(1.15 - 1.39)	1.21	(1.10 - 1.33)	1.23	(1.10 - 1.37)	1.24	(1.10 - 1.40)
Black	2837	199	     40044	4.97	0.62	(0.54 - 0.72)	1.36	(1.18 - 1.58)	1.30	(1.12 - 1.50)	1.23	(1.04 - 1.45)	1.17	(0.99 - 1.40)
Mixed	1076	52	     19313	2.69	0.46	(0.35 - 0.61)	1.32	(1.00 - 1.73)	1.27	(0.97 - 1.68)	1.29	(0.95 - 1.76)	1.32	(0.96 - 1.82)
Other	1575	88	     20092	4.38	0.50	(0.41 - 0.62)	1.28	(1.03 - 1.58)	1.26	(1.02 - 1.56)	1.41	(1.11 - 1.78)	1.46	(1.14 - 1.87)
onscoviddeath
White	57513	7375	    812433	9.08	1.00		1.00		1.00		1.00		1.00
South Asian	11984	565	    128702	4.39	0.37	(0.34 - 0.40)	1.16	(1.06 - 1.27)	1.12	(1.02 - 1.22)	1.12	(1.01 - 1.24)	1.12	(1.00 - 1.25)
Black	2834	222	     40113	5.53	0.54	(0.47 - 0.61)	1.28	(1.12 - 1.47)	1.23	(1.07 - 1.41)	1.14	(0.98 - 1.34)	1.11	(0.94 - 1.31)
Mixed	1074	54	     19355	2.79	0.36	(0.27 - 0.47)	1.14	(0.87 - 1.49)	1.10	(0.84 - 1.45)	1.12	(0.83 - 1.51)	1.18	(0.87 - 1.60)
Other	1573	92	     20153	4.57	0.40	(0.32 - 0.49)	1.10	(0.89 - 1.35)	1.08	(0.87 - 1.33)	1.17	(0.93 - 1.48)	1.21	(0.95 - 1.53)
ons_noncoviddeath
White	57832	1039	    812433	1.28	1.00		1.00		1.00		1.00		1.00
South Asian	12015	50	    128702	0.39	0.27	(0.20 - 0.36)	0.88	(0.66 - 1.19)	0.86	(0.64 - 1.16)	0.90	(0.64 - 1.26)	0.94	(0.66 - 1.35)
Black	2850	18	     40113	0.45	0.31	(0.19 - 0.50)	0.78	(0.49 - 1.26)	0.76	(0.47 - 1.22)	0.74	(0.42 - 1.30)	0.71	(0.40 - 1.28)
Mixed	1076	.	     19355	  .	0.19	(0.07 - 0.51)	0.67	(0.25 - 1.79)	0.65	(0.24 - 1.75)	0.21	(0.03 - 1.52)	0.23	(0.03 - 1.65)
Other	1577	10	     20153	0.50	0.33	(0.17 - 0.61)	0.99	(0.53 - 1.85)	0.98	(0.52 - 1.84)	1.23	(0.63 - 2.41)	1.10	(0.52 - 2.34)
onsdeath
White	57454	8414	    812433	10.36	1.00		1.00		1.00		1.00		1.00
South Asian	11978	615	    128702	4.78	0.36	(0.33 - 0.39)	1.13	(1.04 - 1.24)	1.09	(1.00 - 1.19)	1.10	(1.00 - 1.21)	1.10	(0.99 - 1.23)
Black	2833	240	     40113	5.98	0.51	(0.45 - 0.58)	1.22	(1.07 - 1.39)	1.17	(1.03 - 1.34)	1.10	(0.94 - 1.28)	1.06	(0.91 - 1.25)
Mixed	1074	58	     19355	3.00	0.34	(0.26 - 0.44)	1.08	(0.83 - 1.40)	1.05	(0.81 - 1.37)	1.02	(0.76 - 1.37)	1.08	(0.79 - 1.46)
Other	1572	102	     20153	5.06	0.39	(0.32 - 0.47)	1.09	(0.89 - 1.32)	1.07	(0.87 - 1.30)	1.18	(0.95 - 1.47)	1.20	(0.95 - 1.50)
