char	Infected_pop	ons_noncoviddeath0	ons_noncoviddeath1

1	   92,268 (100.0)	   90,769 (100.0)	    1,499 (100.0)	

Age (years)
Mean (SD)	56.5 (21.0)	56.1 (20.9)	80.7 (11.3)	
Median (IQR)	55.0 (40.0-75.0)	54.0 (39.0-74.0)	82.0 (75.0-89.0)	

Male
1	   39,655 (43.0)	   38,901 (42.9)	      754 (50.3)	

Eth 5 categories
1	   57,891 (62.7)	   56,793 (62.6)	    1,098 (73.2)	
2	   12,021 (13.0)	   11,965 (13.2)	       56 (3.7)	
3	    2,851 (3.1)	    2,832 (3.1)	       19 (1.3)	
4	    1,076 (1.2)	    1,072 (1.2)	        4 (0.3)	
5	    1,578 (1.7)	    1,567 (1.7)	       11 (0.7)	
6	   16,851 (18.3)	   16,540 (18.2)	      311 (20.7)	

Eth 16 collapsed
1	   51,449 (55.8)	   50,419 (55.5)	    1,030 (68.7)	
2	      498 (0.5)	      486 (0.5)	       12 (0.8)	
3	    5,944 (6.4)	    5,888 (6.5)	       56 (3.7)	
4	    4,973 (5.4)	    4,952 (5.5)	       21 (1.4)	
5	    4,316 (4.7)	    4,293 (4.7)	       23 (1.5)	
6	      469 (0.5)	      467 (0.5)	        2 (0.1)	
7	      696 (0.8)	      685 (0.8)	       11 (0.7)	
8	    1,700 (1.8)	    1,697 (1.9)	        3 (0.2)	
9	      197 (0.2)	      197 (0.2)	        0 (0.0)	
10	    1,076 (1.2)	    1,072 (1.2)	        4 (0.3)	
11	    4,099 (4.4)	    4,073 (4.5)	       26 (1.7)	
12	   16,851 (18.3)	   16,540 (18.2)	      311 (20.7)	

Number of GP consultations in the 12 months prior to baseline
Mean (SD)	9.4 (12.7)	9.3 (12.6)	13.7 (16.4)	
Median (IQR)	6.0 (2.0-12.0)	6.0 (2.0-12.0)	9.0 (4.0-18.0)	

Index of Multiple Deprivation (IMD)
1	   14,778 (16.0)	   14,508 (16.0)	      270 (18.0)	
2	   16,455 (17.8)	   16,170 (17.8)	      285 (19.0)	
3	   17,621 (19.1)	   17,314 (19.1)	      307 (20.5)	
4	   20,619 (22.3)	   20,298 (22.4)	      321 (21.4)	
5	   22,033 (23.9)	   21,727 (23.9)	      306 (20.4)	

Number of people in household
1	   36,576 (39.6)	   35,728 (39.4)	      848 (56.6)	
2	   29,897 (32.4)	   29,748 (32.8)	      149 (9.9)	
3	    6,236 (6.8)	    6,208 (6.8)	       28 (1.9)	
4	    2,009 (2.2)	    1,954 (2.2)	       55 (3.7)	
.	        0 (0.0)	        0 (0.0)	        0 (0.0)	

Care home y/n
0	   85,473 (92.6)	   84,258 (92.8)	    1,215 (81.1)	
1	    6,795 (7.4)	    6,511 (7.2)	      284 (18.9)	

Body Mass Index (BMI, kg/m2)
Mean (SD)	28.2 (6.2)	28.3 (6.2)	26.3 (5.8)	
Median (IQR)	27.4 (23.8-31.8)	27.4 (23.8-31.8)	25.7 (22.2-29.9)	

HbA1c %
Mean (SD)	6.1 (1.3)	6.1 (1.3)	6.3 (1.4)	
Median (IQR)	5.7 (5.4-6.3)	5.7 (5.4-6.3)	5.9 (5.5-6.5)	

HbA1c mmo/mol
Mean (SD)	43.3 (14.0)	43.3 (13.9)	45.3 (15.0)	
Median (IQR)	39.0 (36.0-45.0)	39.0 (36.0-45.0)	41.0 (37.0-47.0)	

Count of co-morbid conditions
Mean (SD)	1.9 (1.2)	1.9 (1.2)	3.1 (1.2)	
Median (IQR)	2.0 (1.0-3.0)	1.0 (1.0-3.0)	3.0 (2.0-4.0)	

Diabetes Type
0	   73,731 (79.9)	   72,743 (80.1)	      988 (65.9)	
1	      741 (0.8)	      722 (0.8)	       19 (1.3)	
2	   14,659 (15.9)	   14,257 (15.7)	      402 (26.8)	
3	    3,137 (3.4)	    3,047 (3.4)	       90 (6.0)	

