char	General_Pop	suspected0	suspected1

1	 1.63e+07 (100.0)	 1.57e+07 (100.0)	  644,428 (100.0)	

Age (years)
Mean (SD)	49.8 (18.6)	49.5 (18.5)	54.9 (19.4)	
Median (IQR)	49.0 (34.0-64.0)	49.0 (34.0-64.0)	55.0 (39.0-71.0)	

Male
1	  8088051 (49.6)	  7826194 (50.0)	  261,857 (40.6)	

Eth 5 categories
1	 1.10e+07 (67.6)	 1.06e+07 (67.4)	  460,300 (71.4)	
2	  1032959 (6.3)	  991,611 (6.3)	   41,348 (6.4)	
3	  344,176 (2.1)	  330,452 (2.1)	   13,724 (2.1)	
4	  172,188 (1.1)	  165,896 (1.1)	    6,292 (1.0)	
5	  324,505 (2.0)	  316,829 (2.0)	    7,676 (1.2)	
6	  3416823 (21.0)	  3301735 (21.1)	  115,088 (17.9)	

Eth 16 collapsed
1	  9588581 (58.8)	  9169132 (58.5)	  419,449 (65.1)	
2	   79,279 (0.5)	   75,773 (0.5)	    3,506 (0.5)	
3	  1350734 (8.3)	  1313389 (8.4)	   37,345 (5.8)	
4	  435,896 (2.7)	  416,574 (2.7)	   19,322 (3.0)	
5	  302,775 (1.9)	  291,516 (1.9)	   11,259 (1.7)	
6	   70,201 (0.4)	   67,505 (0.4)	    2,696 (0.4)	
7	   83,167 (0.5)	   79,343 (0.5)	    3,824 (0.6)	
8	  192,185 (1.2)	  184,950 (1.2)	    7,235 (1.1)	
9	  105,432 (0.6)	  104,153 (0.7)	    1,279 (0.2)	
10	  172,188 (1.1)	  165,896 (1.1)	    6,292 (1.0)	
11	  511,984 (3.1)	  494,851 (3.2)	   17,133 (2.7)	
12	  3416823 (21.0)	  3301735 (21.1)	  115,088 (17.9)	

Number of GP consultations in the 12 months prior to baseline
Mean (SD)	6.0 (8.6)	5.7 (8.2)	11.1 (13.3)	
Median (IQR)	3.0 (1.0-8.0)	3.0 (0.0-8.0)	8.0 (3.0-14.0)	

Index of Multiple Deprivation (IMD)
1	  3337759 (20.5)	  3220138 (20.6)	  117,621 (18.3)	
2	  3350505 (20.5)	  3226997 (20.6)	  123,508 (19.2)	
3	  3314458 (20.3)	  3182241 (20.3)	  132,217 (20.5)	
4	  3267597 (20.0)	  3129342 (20.0)	  138,255 (21.5)	
5	  2903133 (17.8)	  2776109 (17.7)	  127,024 (19.7)	

Number of people in household
1	  7121092 (43.7)	  6808862 (43.5)	  312,230 (48.5)	
2	  5786272 (35.5)	  5578173 (35.6)	  208,099 (32.3)	
3	  937,794 (5.8)	  906,869 (5.8)	   30,925 (4.8)	
4	  162,068 (1.0)	  157,763 (1.0)	    4,305 (0.7)	
.	        0 (0.0)	        0 (0.0)	        0 (0.0)	

Care home y/n
0	 1.62e+07 (99.6)	 1.56e+07 (99.6)	  634,315 (98.4)	
1	   72,958 (0.4)	   62,845 (0.4)	   10,113 (1.6)	

Body Mass Index (BMI, kg/m2)
Mean (SD)	27.4 (5.7)	27.3 (5.7)	28.2 (6.1)	
Median (IQR)	26.5 (23.4-30.5)	26.5 (23.3-30.4)	27.3 (23.8-31.6)	

HbA1c %
Mean (SD)	5.9 (1.0)	5.9 (1.0)	6.0 (1.2)	
Median (IQR)	5.6 (5.4-6.0)	5.6 (5.4-6.0)	5.7 (5.4-6.2)	

HbA1c mmo/mol
Mean (SD)	40.9 (96.4)	40.9 (98.3)	42.6 (54.4)	
Median (IQR)	38.0 (35.0-42.0)	38.0 (35.0-42.0)	39.0 (36.0-44.0)	

Count of co-morbid conditions
Mean (SD)	1.5 (0.8)	1.5 (0.8)	1.9 (1.1)	
Median (IQR)	1.0 (1.0-2.0)	1.0 (1.0-2.0)	2.0 (1.0-2.0)	

Diabetes Type
0	 1.47e+07 (90.0)	 1.42e+07 (90.3)	  531,206 (82.4)	
1	   83,495 (0.5)	   77,792 (0.5)	    5,703 (0.9)	
2	  1177716 (7.2)	  1090866 (7.0)	   86,850 (13.5)	
3	  366,106 (2.2)	  345,437 (2.2)	   20,669 (3.2)	

