Table 2: Association between ethnicity in 16 categories and COVID-19 outcomes - no STP
	Denominator	Event	Total person-weeks	Rate per 1,000	with stp		without stp		
					HR	95% CI	HR	95% CI		
tested
British	9738195	844948	 248857143	3.40	1.00		1.00		1.00		1.00		1.00
Irish	80217	7059	   2048290	3.45	1.05	(1.02 - 1.07)	1.02	(1.00 - 1.04)
Other White	1349320	84825	  34797458	2.44	0.77	(0.77 - 0.78)	0.76	(0.75 - 0.77)
White + Caribbean	39713	3360	   4414139	0.76	0.95	(0.92 - 0.99)	0.94	(0.91 - 0.97)
White + African	33477	3112	   4414139	0.71	1.14	(1.10 - 1.18)	1.14	(1.10 - 1.18)
White + Asian	34710	3017	   4414139	0.68	1.04	(1.00 - 1.08)	1.04	(1.00 - 1.07)
Other mixed	64311	4689	   4414139	1.06	0.89	(0.86 - 0.91)	0.86	(0.84 - 0.89)
Indian	433155	44162	  11068738	3.99	1.11	(1.10 - 1.12)	1.20	(1.19 - 1.21)
Pakistani	300709	22959	   7737886	2.97	0.84	(0.83 - 0.85)	0.81	(0.80 - 0.82)
Bangladeshi	70481	4186	   1821516	2.30	0.63	(0.61 - 0.65)	0.64	(0.62 - 0.66)
Other Asian	223243	18564	   5709481	3.25	1.01	(1.00 - 1.03)	0.99	(0.97 - 1.00)
Caribbean	83121	6752	   2125450	3.18	0.96	(0.94 - 0.99)	0.92	(0.90 - 0.95)
African	190611	17193	   4867555	3.53	1.10	(1.08 - 1.12)	1.10	(1.09 - 1.12)
Other Black	69370	5478	   1778613	3.08	0.94	(0.92 - 0.97)	0.93	(0.90 - 0.95)
Chinese	104752	3207	   2728115	1.18	0.42	(0.40 - 0.43)	0.42	(0.41 - 0.44)
Other	219619	14563	   5655445	2.58	0.83	(0.81 - 0.84)	0.80	(0.79 - 0.82)
Unknown	4352611	317943	 111670885	2.85	0.95	(0.95 - 0.96)	0.95	(0.94 - 0.95)
positivetest
British	9738195	37170	 254793326	0.15	1.00		1.00		1.00		1.00		1.00
Irish	80217	348	   2096153	0.17	1.17	(1.05 - 1.30)	1.08	(0.97 - 1.20)
Other White	1349320	4697	  35370594	0.13	1.13	(1.10 - 1.17)	1.04	(1.01 - 1.07)
White + Caribbean	39713	173	   4512579	0.04	1.25	(1.08 - 1.45)	1.19	(1.02 - 1.38)
White + African	33477	228	   4512579	0.05	1.96	(1.72 - 2.24)	1.86	(1.63 - 2.12)
White + Asian	34710	198	   4512579	0.04	1.81	(1.57 - 2.08)	1.70	(1.48 - 1.96)
Other mixed	64311	256	   4512579	0.06	1.33	(1.18 - 1.51)	1.20	(1.06 - 1.35)
Indian	433155	4101	  11329022	0.36	2.12	(2.05 - 2.20)	2.18	(2.10 - 2.25)
Pakistani	300709	3459	   7866646	0.44	2.10	(2.02 - 2.18)	2.20	(2.12 - 2.29)
Bangladeshi	70481	368	   1847200	0.20	1.11	(1.00 - 1.23)	1.09	(0.98 - 1.21)
Other Asian	223243	1849	   5840645	0.32	2.28	(2.18 - 2.40)	2.07	(1.97 - 2.17)
Caribbean	83121	537	   2171563	0.25	1.55	(1.42 - 1.69)	1.41	(1.30 - 1.54)
African	190611	1398	   4988981	0.28	1.93	(1.82 - 2.04)	1.82	(1.73 - 1.93)
Other Black	69370	380	   1816744	0.21	1.51	(1.37 - 1.68)	1.39	(1.26 - 1.54)
Chinese	104752	141	   2750427	0.05	0.49	(0.42 - 0.58)	0.47	(0.40 - 0.56)
Other	219619	1108	   5754157	0.19	1.57	(1.48 - 1.67)	1.43	(1.34 - 1.51)
Unknown	4352611	15619	 113887570	0.14	1.10	(1.08 - 1.12)	1.04	(1.02 - 1.06)
icu
British	9738195	1517	 249665682	0.01	1.00		1.00		1.00		1.00		1.00
Irish	80217	.	   2054580	  .	0.37	(0.15 - 0.90)	0.42	(0.17 - 1.00)
Other White	1349320	187	  34651797	0.01	1.46	(1.25 - 1.71)	1.54	(1.32 - 1.80)
White + Caribbean	39713	11	   4424048	0.00	2.37	(1.31 - 4.30)	2.64	(1.46 - 4.77)
White + African	33477	22	   4424048	0.00	5.27	(3.45 - 8.06)	5.99	(3.93 - 9.15)
White + Asian	34710	10	   4424048	0.00	3.35	(1.79 - 6.24)	3.56	(1.91 - 6.64)
Other mixed	64311	15	   4424048	0.00	2.55	(1.53 - 4.25)	2.80	(1.68 - 4.67)
Indian	433155	164	  11120117	0.01	2.19	(1.83 - 2.62)	2.33	(1.96 - 2.76)
Pakistani	300709	118	   7721619	0.02	2.08	(1.69 - 2.55)	2.27	(1.86 - 2.77)
Bangladeshi	70481	25	   1810133	0.01	2.33	(1.55 - 3.49)	2.64	(1.77 - 3.94)
Other Asian	223243	105	   5733674	0.02	3.22	(2.61 - 3.97)	3.60	(2.93 - 4.41)
Caribbean	83121	41	   2130291	0.02	2.35	(1.72 - 3.23)	2.77	(2.03 - 3.79)
African	190611	117	   4896531	0.02	4.26	(3.49 - 5.21)	4.96	(4.08 - 6.04)
Other Black	69370	27	   1781508	0.02	2.57	(1.75 - 3.77)	2.98	(2.03 - 4.37)
Chinese	104752	18	   2692185	0.01	3.24	(2.03 - 5.18)	3.54	(2.22 - 5.66)
Other	219619	80	   5641697	0.01	3.50	(2.77 - 4.41)	3.83	(3.05 - 4.82)
Unknown	4352611	634	 111577938	0.01	1.17	(1.06 - 1.29)	1.16	(1.05 - 1.27)
hes
British	9738195	18800	 255017490	0.07	1.00		1.00		1.00		1.00		1.00
Irish	80217	256	   2097395	0.12	1.13	(1.00 - 1.28)	1.38	(1.22 - 1.57)
Other White	1349320	1628	  35404494	0.05	1.04	(0.99 - 1.10)	1.15	(1.09 - 1.21)
White + Caribbean	39713	79	   4519174	0.02	1.43	(1.14 - 1.78)	1.74	(1.39 - 2.17)
White + African	33477	65	   4519174	0.01	1.86	(1.46 - 2.38)	2.15	(1.68 - 2.74)
White + Asian	34710	64	   4519174	0.01	2.01	(1.58 - 2.58)	2.25	(1.76 - 2.87)
Other mixed	64311	95	   4519174	0.02	1.55	(1.27 - 1.90)	1.78	(1.46 - 2.18)
Indian	433155	1165	  11355749	0.10	1.41	(1.32 - 1.50)	1.78	(1.67 - 1.89)
Pakistani	300709	928	   7884122	0.12	1.48	(1.38 - 1.59)	1.77	(1.65 - 1.90)
Bangladeshi	70481	153	   1848945	0.08	1.22	(1.03 - 1.43)	1.55	(1.32 - 1.82)
Other Asian	223243	585	   5855169	0.10	1.87	(1.72 - 2.04)	2.25	(2.07 - 2.45)
Caribbean	83121	394	   2173250	0.18	1.58	(1.42 - 1.75)	2.05	(1.85 - 2.26)
African	190611	497	   4999853	0.10	2.09	(1.90 - 2.29)	2.57	(2.35 - 2.82)
Other Black	69370	158	   1819300	0.09	1.61	(1.37 - 1.88)	1.99	(1.70 - 2.33)
Chinese	104752	71	   2751294	0.03	0.98	(0.78 - 1.24)	1.10	(0.87 - 1.39)
Other	219619	435	   5762217	0.08	1.74	(1.58 - 1.92)	2.01	(1.82 - 2.21)
Unknown	4352611	7270	 113983488	0.06	1.07	(1.04 - 1.10)	1.04	(1.01 - 1.07)
onscoviddeath
British	9738195	7115	 255213312	0.03	1.00		1.00		1.00		1.00		1.00
Irish	80217	88	   2100101	0.04	0.94	(0.76 - 1.16)	1.16	(0.94 - 1.43)
Other White	1349320	447	  35422942	0.01	0.94	(0.85 - 1.04)	1.04	(0.95 - 1.15)
White + Caribbean	39713	28	   4522898	0.01	1.66	(1.14 - 2.41)	2.08	(1.44 - 3.02)
White + African	33477	10	   4522898	0.00	1.42	(0.76 - 2.64)	1.67	(0.90 - 3.12)
White + Asian	34710	10	   4522898	0.00	1.35	(0.72 - 2.50)	1.57	(0.84 - 2.92)
Other mixed	64311	20	   4522898	0.00	1.41	(0.91 - 2.19)	1.69	(1.09 - 2.63)
Indian	433155	339	  11368375	0.03	1.34	(1.19 - 1.51)	1.72	(1.53 - 1.92)
Pakistani	300709	209	   7894128	0.03	1.07	(0.92 - 1.23)	1.24	(1.07 - 1.44)
Bangladeshi	70481	49	   1850579	0.03	1.33	(1.00 - 1.77)	1.67	(1.25 - 2.22)
Other Asian	223243	141	   5862110	0.02	1.58	(1.33 - 1.88)	2.02	(1.71 - 2.40)
Caribbean	83121	137	   2177899	0.06	1.36	(1.14 - 1.61)	1.82	(1.53 - 2.16)
African	190611	90	   5006570	0.02	1.77	(1.43 - 2.19)	2.29	(1.86 - 2.83)
Other Black	69370	39	   1821345	0.02	1.55	(1.13 - 2.13)	1.98	(1.44 - 2.71)
Chinese	104752	23	   2752196	0.01	1.21	(0.80 - 1.82)	1.39	(0.93 - 2.10)
Other	219619	91	   5767842	0.02	1.32	(1.07 - 1.62)	1.61	(1.31 - 1.98)
Unknown	4352611	3022	 114056229	0.03	1.14	(1.09 - 1.19)	1.09	(1.05 - 1.14)
ons_noncoviddeath
British	9738195	48686	 255213312	0.19	1.00		1.00		1.00		1.00		1.00
Irish	80217	524	   2100101	0.25	1.03	(0.95 - 1.13)	1.00	(0.91 - 1.09)
Other White	1349320	2831	  35422942	0.08	0.95	(0.92 - 0.99)	0.93	(0.89 - 0.96)
White + Caribbean	39713	83	   4522898	0.02	1.03	(0.83 - 1.28)	1.00	(0.81 - 1.24)
White + African	33477	33	   4522898	0.01	0.84	(0.60 - 1.18)	0.81	(0.57 - 1.14)
White + Asian	34710	27	   4522898	0.01	0.61	(0.42 - 0.89)	0.58	(0.40 - 0.85)
Other mixed	64311	61	   4522898	0.01	0.76	(0.59 - 0.98)	0.72	(0.56 - 0.92)
Indian	433155	901	  11368375	0.08	0.93	(0.87 - 0.99)	0.91	(0.85 - 0.97)
Pakistani	300709	537	   7894128	0.07	0.76	(0.70 - 0.83)	0.76	(0.70 - 0.83)
Bangladeshi	70481	96	   1850579	0.05	0.72	(0.59 - 0.88)	0.71	(0.58 - 0.86)
Other Asian	223243	280	   5862110	0.05	0.82	(0.72 - 0.92)	0.76	(0.68 - 0.86)
Caribbean	83121	365	   2177899	0.17	0.86	(0.78 - 0.96)	0.84	(0.75 - 0.93)
African	190611	181	   5006570	0.04	0.81	(0.70 - 0.94)	0.76	(0.65 - 0.88)
Other Black	69370	109	   1821345	0.06	0.88	(0.73 - 1.06)	0.85	(0.71 - 1.03)
Chinese	104752	65	   2752196	0.02	0.55	(0.43 - 0.70)	0.53	(0.41 - 0.67)
Other	219619	265	   5767842	0.05	0.74	(0.65 - 0.83)	0.69	(0.61 - 0.78)
Unknown	4352611	22717	 114056229	0.20	1.20	(1.18 - 1.22)	1.19	(1.17 - 1.21)
onsdeath
British	9738195	55801	 255213312	0.22	1.00		1.00		1.00		1.00		1.00
Irish	80217	612	   2100101	0.29	1.01	(0.94 - 1.10)	1.02	(0.94 - 1.10)
Other White	1349320	3278	  35422942	0.09	0.95	(0.92 - 0.99)	0.94	(0.91 - 0.98)
White + Caribbean	39713	111	   4522898	0.02	1.15	(0.95 - 1.38)	1.15	(0.96 - 1.39)
White + African	33477	43	   4522898	0.01	0.93	(0.69 - 1.25)	0.92	(0.68 - 1.24)
White + Asian	34710	37	   4522898	0.01	0.72	(0.52 - 0.99)	0.70	(0.51 - 0.97)
Other mixed	64311	81	   4522898	0.02	0.85	(0.69 - 1.06)	0.83	(0.67 - 1.04)
Indian	433155	1240	  11368375	0.11	1.02	(0.96 - 1.08)	1.04	(0.98 - 1.10)
Pakistani	300709	746	   7894128	0.09	0.84	(0.78 - 0.91)	0.86	(0.80 - 0.92)
Bangladeshi	70481	145	   1850579	0.08	0.87	(0.73 - 1.02)	0.88	(0.74 - 1.03)
Other Asian	223243	421	   5862110	0.07	0.98	(0.89 - 1.08)	0.96	(0.87 - 1.06)
Caribbean	83121	502	   2177899	0.23	0.96	(0.88 - 1.05)	0.98	(0.90 - 1.07)
African	190611	271	   5006570	0.05	0.99	(0.87 - 1.11)	0.97	(0.86 - 1.09)
Other Black	69370	148	   1821345	0.08	0.99	(0.84 - 1.16)	1.00	(0.85 - 1.17)
Chinese	104752	88	   2752196	0.03	0.64	(0.52 - 0.79)	0.63	(0.51 - 0.78)
Other	219619	356	   5767842	0.06	0.83	(0.75 - 0.92)	0.81	(0.73 - 0.90)
Unknown	4352611	25739	 114056229	0.23	1.19	(1.17 - 1.21)	1.18	(1.16 - 1.20)
