Table 1: Demographic and Clinical Characteristics
	Total	White	South Asian	Black	Mixed	Other	Unknown

1	 1.75e+07 (100.0)	 1.12e+07 (100.0)	  1028217 (100.0)	  343,688 (100.0)	  172,440 (100.0)	  324,757 (100.0)	  4372700 (100.0)	

Age (years)
Mean (SD)	49.8 (18.7)	51.5 (18.3)	43.0 (15.5)	43.9 (15.6)	40.0 (14.9)	40.3 (15.1)	48.4 (20.1)	
Median (IQR)	49.0 (34.0-64.0)	51.0 (36.0-66.0)	40.0 (32.0-52.0)	43.0 (32.0-54.0)	38.0 (28.0-50.0)	38.0 (28.0-49.0)	48.0 (30.0-64.0)	

Grouped age
1	  2980732 (17.1)	  1545208 (13.8)	  198,592 (19.3)	   68,797 (20.0)	   48,516 (28.1)	   89,998 (27.7)	  1029621 (23.5)	
2	  2987139 (17.1)	  1850023 (16.5)	  286,557 (27.9)	   74,611 (21.7)	   45,463 (26.4)	   86,387 (26.6)	  644,098 (14.7)	
3	  2878582 (16.5)	  1832840 (16.3)	  242,325 (23.6)	   82,027 (23.9)	   35,224 (20.4)	   68,891 (21.2)	  617,275 (14.1)	
4	  3086106 (17.7)	  2077901 (18.5)	  137,258 (13.3)	   67,520 (19.6)	   24,514 (14.2)	   40,326 (12.4)	  738,587 (16.9)	
5	  2422462 (13.9)	  1708381 (15.2)	   94,036 (9.1)	   28,424 (8.3)	   11,099 (6.4)	   22,897 (7.1)	  557,625 (12.8)	
6	  1964763 (11.2)	  1440462 (12.8)	   44,845 (4.4)	   12,773 (3.7)	    5,076 (2.9)	   11,084 (3.4)	  450,523 (10.3)	
7	  1145890 (6.6)	  769,057 (6.9)	   24,604 (2.4)	    9,536 (2.8)	    2,548 (1.5)	    5,174 (1.6)	  334,971 (7.7)	

