Table 1: Demographic and Clinical Characteristics
	Total	White	South Asian	Black	Mixed	Other	.u

1	 1.74e+07 (100.0)	 1.10e+07 (100.0)	  1030812 (100.0)	  343,477 (100.0)	  171,624 (100.0)	  323,963 (100.0)	        0 (  .)

Age (years)
Mean (SD)	49.7 (18.7)	51.3 (18.3)	42.9 (15.4)	43.8 (15.5)	40.0 (14.9)	40.2 (15.0)	  . (  .)
Median (IQR)	49.0 (34.0-64.0)	51.0 (36.0-65.0)	40.0 (32.0-52.0)	43.0 (32.0-54.0)	38.0 (28.0-49.0)	38.0 (28.0-49.0)	  . (  .-  .)

Grouped age
1	  2989012 (17.1)	  1527770 (13.9)	  199,404 (19.3)	   68,902 (20.1)	   48,221 (28.1)	   90,321 (27.9)	        0 (  .)
2	  3002427 (17.2)	  1844472 (16.8)	  289,252 (28.1)	   75,292 (21.9)	   45,605 (26.6)	   86,556 (26.7)	        0 (  .)
3	  2875864 (16.5)	  1811308 (16.5)	  242,919 (23.6)	   82,281 (24.0)	   35,109 (20.5)	   68,753 (21.2)	        0 (  .)
4	  3069655 (17.6)	  2028520 (18.5)	  136,835 (13.3)	   67,006 (19.5)	   24,319 (14.2)	   39,888 (12.3)	        0 (  .)
5	  2406392 (13.8)	  1650088 (15.0)	   93,466 (9.1)	   28,092 (8.2)	   10,902 (6.4)	   22,533 (7.0)	        0 (  .)
6	  1949323 (11.2)	  1380304 (12.6)	   44,498 (4.3)	   12,569 (3.7)	    4,956 (2.9)	   10,886 (3.4)	        0 (  .)

Male
0	  8731826 (50.1)	  5714040 (52.1)	  493,687 (47.9)	  171,347 (49.9)	   88,345 (51.5)	  159,680 (49.3)	        0 (  .)
1	  8697897 (49.9)	  5259478 (47.9)	  537,125 (52.1)	  172,130 (50.1)	   83,279 (48.5)	  164,283 (50.7)	        0 (  .)

Index of Multiple Deprivation (IMD)
1	  3547368 (20.4)	  2328008 (21.2)	   88,056 (8.5)	   22,877 (6.7)	   22,435 (13.1)	   43,468 (13.4)	        0 (  .)
2	  3585007 (20.6)	  2352524 (21.4)	  121,908 (11.8)	   36,013 (10.5)	   28,196 (16.4)	   56,786 (17.5)	        0 (  .)
3	  3547871 (20.4)	  2250988 (20.5)	  197,174 (19.1)	   58,035 (16.9)	   33,291 (19.4)	   63,485 (19.6)	        0 (  .)
4	  3468893 (19.9)	  2108516 (19.2)	  298,536 (29.0)	   92,817 (27.0)	   40,621 (23.7)	   78,893 (24.4)	        0 (  .)
5	  3138027 (18.0)	  1836684 (16.7)	  316,786 (30.7)	  130,366 (38.0)	   45,258 (26.4)	   77,785 (24.0)	        0 (  .)
.	        0 (0.0)	        0 (0.0)	        0 (0.0)	        0 (0.0)	        0 (0.0)	        0 (0.0)	        0 (  .)

Body Mass Index (BMI, kg/m2)
Mean (SD)	27.4 (5.7)	27.4 (5.7)	26.6 (5.1)	28.0 (5.7)	26.8 (5.7)	25.2 (5.1)	  . (  .)
Median (IQR)	26.6 (23.4-30.5)	26.6 (23.4-30.5)	26.0 (23.0-29.4)	27.3 (24.0-31.2)	25.9 (22.7-29.8)	24.4 (21.5-28.0)	  . (  .-  .)

Obesity with SA categories
1	 1.35e+07 (77.4)	  8356828 (76.2)	  713,488 (69.2)	  255,528 (74.4)	  138,448 (80.7)	  284,241 (87.7)	        0 (  .)
2	  2536511 (14.6)	  1653216 (15.1)	  262,384 (25.5)	   55,729 (16.2)	   21,028 (12.3)	   27,574 (8.5)	        0 (  .)
3	  930,013 (5.3)	  640,183 (5.8)	   39,654 (3.8)	   21,771 (6.3)	    8,002 (4.7)	    8,560 (2.6)	        0 (  .)
4	  467,687 (2.7)	  323,291 (2.9)	   15,286 (1.5)	   10,449 (3.0)	    4,146 (2.4)	    3,588 (1.1)	        0 (  .)
.	        0 (0.0)	        0 (0.0)	        0 (0.0)	        0 (0.0)	        0 (0.0)	        0 (0.0)	        0 (  .)

Smoking status
1	  8002346 (45.9)	  4721335 (43.0)	  718,534 (69.7)	  222,057 (64.6)	   90,163 (52.5)	  193,927 (59.9)	        0 (  .)
2	  5739855 (32.9)	  4080323 (37.2)	  160,129 (15.5)	   63,789 (18.6)	   40,148 (23.4)	   59,377 (18.3)	        0 (  .)
3	  2962116 (17.0)	  1965681 (17.9)	  115,545 (11.2)	   44,802 (13.0)	   34,381 (20.0)	   53,915 (16.6)	        0 (  .)
.	        0 (0.0)	        0 (0.0)	        0 (0.0)	        0 (0.0)	        0 (0.0)	        0 (0.0)	        0 (  .)



HbA1c %
Mean (SD)	14.7 (12411.3)	19.1 (15636.2)	6.3 (3.1)	6.4 (4.3)	6.1 (3.2)	6.2 (4.1)	  . (  .)
Median (IQR)	5.7 (5.4-6.2)	5.7 (5.3-6.2)	5.8 (5.4-6.4)	5.8 (5.4-6.3)	5.6 (5.3-6.1)	5.6 (5.3-6.1)	  . (  .-  .)

HbA1c mmo/mol
Mean (SD)	42.3 (2869.8)	40.1 (326.6)	51.5 (606.7)	43.3 (267.8)	40.6 (174.3)	40.7 (199.7)	  . (  .)
Median (IQR)	38.0 (35.0-41.0)	38.0 (35.0-41.0)	39.0 (36.0-44.0)	39.0 (35.0-43.0)	37.0 (34.0-41.0)	38.0 (34.0-41.0)	  . (  .-  .)

Number people in household
Mean (SD)	4.5 (50.0)	4.4 (54.7)	6.3 (43.9)	4.7 (31.2)	7.6 (61.5)	15.7 (105.9)	  . (  .)
Median (IQR)	2.0 (1.0-4.0)	2.0 (1.0-3.0)	4.0 (2.0-6.0)	3.0 (1.0-5.0)	3.0 (1.0-4.0)	3.0 (1.0-5.0)	  . (  .-  .)

Diabetes by type
1	   89,151 (0.5)	   60,579 (0.6)	    2,522 (0.2)	    1,371 (0.4)	      641 (0.4)	      648 (0.2)	        0 (  .)

Diagnosed hypertension
1	  3740945 (21.5)	  2464311 (22.5)	  173,170 (16.8)	   69,738 (20.3)	   20,760 (12.1)	   31,858 (9.8)	        0 (  .)

High blood pressure or hypertension diagnosis
1	  5986000 (34.3)	  3947769 (36.0)	  258,853 (25.1)	  105,341 (30.7)	   36,641 (21.3)	   55,925 (17.3)	        0 (  .)

Chronic Cardiac Diseases
1	  1205975 (6.9)	  813,663 (7.4)	   53,668 (5.2)	   11,085 (3.2)	    4,745 (2.8)	    8,172 (2.5)	        0 (  .)

Stroke
1	  380,830 (2.2)	  258,729 (2.4)	   12,412 (1.2)	    4,425 (1.3)	    1,514 (0.9)	    2,208 (0.7)	        0 (  .)

end stage renal failure
1	   25,182 (0.1)	   14,528 (0.1)	    2,379 (0.2)	      872 (0.3)	      221 (0.1)	      352 (0.1)	        0 (  .)

Cancer
1	  981,073 (5.6)	  686,075 (6.3)	   19,716 (1.9)	    9,159 (2.7)	    3,711 (2.2)	    6,626 (2.0)	        0 (  .)

Permanent immunosuppression
1	   89,065 (0.5)	   51,447 (0.5)	    4,456 (0.4)	   10,050 (2.9)	    2,109 (1.2)	    1,389 (0.4)	        0 (  .)

Temporary immunosuppression
1	    4,831 (0.0)	    3,274 (0.0)	      173 (0.0)	      125 (0.0)	       36 (0.0)	       44 (0.0)	        0 (  .)

Autoimmune disease
1	  894,734 (5.1)	  618,745 (5.6)	   37,311 (3.6)	    6,907 (2.0)	    5,000 (2.9)	    7,521 (2.3)	        0 (  .)

Immunosuppressed (combination algorithm)
1	   93,002 (0.5)	   54,127 (0.5)	    4,603 (0.4)	   10,142 (3.0)	    2,134 (1.2)	    1,430 (0.4)	        0 (  .)

Chronic liver disease
1	  104,634 (0.6)	   69,885 (0.6)	    5,630 (0.5)	    3,040 (0.9)	      898 (0.5)	    2,442 (0.8)	        0 (  .)

Dementia
1	   44,209 (0.3)	   30,076 (0.3)	    1,238 (0.1)	      591 (0.2)	      121 (0.1)	      230 (0.1)	        0 (  .)

Neurological disease
1	  175,316 (1.0)	  120,549 (1.1)	    5,838 (0.6)	    1,987 (0.6)	      917 (0.5)	    1,186 (0.4)	        0 (  .)

Chronic Respiratory Diseases
1	  724,683 (4.2)	  532,449 (4.9)	   17,429 (1.7)	    5,010 (1.5)	    2,276 (1.3)	    3,545 (1.1)	        0 (  .)

Asthma category
1	 1.74e+07 (100.0)	 1.10e+07 (100.0)	  1030812 (100.0)	  343,477 (100.0)	  171,624 (100.0)	  323,963 (100.0)	        0 (  .)

BP med in last 6 months
1	 1.74e+07 (100.0)	 1.10e+07 (100.0)	  1030812 (100.0)	  343,477 (100.0)	  171,624 (100.0)	  323,963 (100.0)	        0 (  .)

Statin in last 6 months
1	  2747359 (15.8)	  1841383 (16.8)	  158,198 (15.3)	   31,025 (9.0)	   11,646 (6.8)	   22,009 (6.8)	        0 (  .)

Insulin in last 6 months
1	  251,942 (1.4)	  162,521 (1.5)	   18,210 (1.8)	    5,450 (1.6)	    1,802 (1.0)	    2,202 (0.7)	        0 (  .)

