Table 1: Demographic and Clinical Characteristics
	Total	British or Mixed British	Irish	Other White	Indian	Pakistani	Bangladeshi	Caribbean	African	Chinese	All mixed	All Other	Unknown

1	 1.74e+07 (100.0)	  9546921 (100.0)	   79,000 (100.0)	  1347597 (100.0)	  434,433 (100.0)	  302,581 (100.0)	   70,152 (100.0)	   83,012 (100.0)	  191,895 (100.0)	  105,268 (100.0)	  171,624 (100.0)	  510,911 (100.0)	  4586329 (100.0)

Age (years)
Mean (SD)	49.7 (18.7)	52.4 (18.3)	53.8 (18.7)	42.9 (15.7)	44.8 (15.9)	41.4 (15.2)	39.9 (14.0)	50.8 (17.8)	41.2 (13.7)	37.7 (15.2)	40.0 (14.9)	41.9 (14.8)	48.9 (20.2)
Median (IQR)	49.0 (34.0-64.0)	53.0 (38.0-67.0)	53.0 (38.0-70.0)	39.0 (31.0-52.0)	42.0 (33.0-55.0)	39.0 (30.0-50.0)	38.0 (30.0-47.0)	51.0 (37.0-62.0)	41.0 (31.0-50.0)	33.0 (25.0-47.0)	38.0 (28.0-49.0)	40.0 (31.0-51.0)	49.0 (31.0-64.0)

Grouped age
1	  2989012 (17.1)	  1251313 (13.1)	    8,451 (10.7)	  268,006 (19.9)	   68,071 (15.7)	   68,819 (22.7)	   16,660 (23.7)	   11,453 (13.8)	   41,766 (21.8)	   41,993 (39.9)	   48,221 (28.1)	  109,865 (21.5)	  1054394 (23.0)
2	  3002427 (17.2)	  1420943 (14.9)	   13,390 (16.9)	  410,139 (30.4)	  122,289 (28.1)	   85,762 (28.3)	   20,815 (29.7)	   12,851 (15.5)	   47,645 (24.8)	   24,297 (23.1)	   45,605 (26.6)	  137,441 (26.9)	  661,250 (14.4)
3	  2875864 (16.5)	  1516783 (15.9)	   12,519 (15.8)	  282,006 (20.9)	   98,117 (22.6)	   70,723 (23.4)	   18,328 (26.1)	   13,742 (16.6)	   52,667 (27.4)	   16,609 (15.8)	   35,109 (20.5)	  123,767 (24.2)	  635,494 (13.9)
4	  3069655 (17.6)	  1842988 (19.3)	   13,001 (16.5)	  172,531 (12.8)	   60,854 (14.0)	   36,604 (12.1)	    7,779 (11.1)	   20,605 (24.8)	   32,114 (16.7)	   10,802 (10.3)	   24,319 (14.2)	   74,971 (14.7)	  773,087 (16.9)
5	  2406392 (13.8)	  1530718 (16.0)	   11,871 (15.0)	  107,499 (8.0)	   47,667 (11.0)	   24,357 (8.0)	    3,900 (5.6)	   11,514 (13.9)	   11,553 (6.0)	    7,178 (6.8)	   10,902 (6.4)	   37,922 (7.4)	  601,311 (13.1)
6	  1949323 (11.2)	  1298239 (13.6)	   12,270 (15.5)	   69,795 (5.2)	   24,674 (5.7)	    9,467 (3.1)	    1,513 (2.2)	    6,262 (7.5)	    4,418 (2.3)	    3,004 (2.9)	    4,956 (2.9)	   18,615 (3.6)	  496,110 (10.8)

Male
0	  8731826 (50.1)	  4986869 (52.2)	   39,912 (50.5)	  687,259 (51.0)	  204,515 (47.1)	  145,608 (48.1)	   32,913 (46.9)	   43,507 (52.4)	   93,565 (48.8)	   55,107 (52.3)	   88,345 (51.5)	  249,499 (48.8)	  2104727 (45.9)
1	  8697897 (49.9)	  4560052 (47.8)	   39,088 (49.5)	  660,338 (49.0)	  229,918 (52.9)	  156,973 (51.9)	   37,239 (53.1)	   39,505 (47.6)	   98,330 (51.2)	   50,161 (47.7)	   83,279 (48.5)	  261,412 (51.2)	  2481602 (54.1)

Index of Multiple Deprivation (IMD)
1	  3547368 (20.4)	  2141209 (22.4)	   14,749 (18.7)	  172,050 (12.8)	   48,953 (11.3)	   12,242 (4.0)	    3,231 (4.6)	    5,160 (6.2)	   12,641 (6.6)	   19,941 (18.9)	   22,435 (13.1)	   52,233 (10.2)	  1042524 (22.7)
2	  3585007 (20.6)	  2086519 (21.9)	   17,251 (21.8)	  248,754 (18.5)	   62,221 (14.3)	   20,096 (6.6)	    5,268 (7.5)	    8,786 (10.6)	   19,644 (10.2)	   22,922 (21.8)	   28,196 (16.4)	   75,770 (14.8)	  989,580 (21.6)
3	  3547871 (20.4)	  1954608 (20.5)	   17,281 (21.9)	  279,099 (20.7)	   99,281 (22.9)	   38,060 (12.6)	   10,784 (15.4)	   14,979 (18.0)	   31,609 (16.5)	   22,543 (21.4)	   33,291 (19.4)	  101,438 (19.9)	  944,898 (20.6)
4	  3468893 (19.9)	  1759930 (18.4)	   16,426 (20.8)	  332,160 (24.6)	  140,426 (32.3)	   76,615 (25.3)	   19,816 (28.2)	   22,503 (27.1)	   51,618 (26.9)	   23,152 (22.0)	   40,621 (23.7)	  136,116 (26.6)	  849,510 (18.5)
5	  3138027 (18.0)	  1519494 (15.9)	   12,666 (16.0)	  304,524 (22.6)	   79,068 (18.2)	  154,222 (51.0)	   30,634 (43.7)	   31,007 (37.4)	   74,234 (38.7)	   15,235 (14.5)	   45,258 (26.4)	  140,537 (27.5)	  731,148 (15.9)
.	        0 (0.0)	        0 (0.0)	        0 (0.0)	        0 (0.0)	        0 (0.0)	        0 (0.0)	        0 (0.0)	        0 (0.0)	        0 (0.0)	        0 (0.0)	        0 (0.0)	        0 (0.0)	        0 (0.0)

Body Mass Index (BMI, kg/m2)
Mean (SD)	27.4 (5.7)	27.6 (5.7)	26.9 (5.3)	26.2 (5.4)	26.3 (4.9)	27.5 (5.5)	26.2 (4.7)	28.4 (5.9)	27.9 (5.6)	22.9 (3.9)	26.8 (5.7)	26.4 (5.2)	27.7 (5.9)
Median (IQR)	26.6 (23.4-30.5)	26.8 (23.5-30.7)	26.2 (23.1-29.8)	25.3 (22.3-29.1)	25.7 (22.9-29.0)	26.9 (23.7-30.7)	25.7 (23.1-28.7)	27.6 (24.3-31.7)	27.3 (23.9-31.2)	22.3 (20.1-24.9)	25.9 (22.7-29.8)	25.7 (22.7-29.2)	26.8 (23.4-31.0)

Obesity with SA categories
1	 1.35e+07 (77.4)	  7173905 (75.1)	   62,322 (78.9)	  1120601 (83.2)	  308,661 (71.0)	  189,590 (62.7)	   51,074 (72.8)	   59,044 (71.1)	  144,931 (75.5)	  101,339 (96.3)	  138,448 (80.7)	  398,618 (78.0)	  3746979 (81.7)
2	  2536511 (14.6)	  1492239 (15.6)	   11,204 (14.2)	  149,773 (11.1)	  105,954 (24.4)	   89,305 (29.5)	   16,381 (23.4)	   14,623 (17.6)	   30,396 (15.8)	    2,999 (2.8)	   21,028 (12.3)	   86,029 (16.8)	  516,580 (11.3)
3	  930,013 (5.3)	  583,746 (6.1)	    3,808 (4.8)	   52,629 (3.9)	   14,490 (3.3)	   16,721 (5.5)	    2,011 (2.9)	    6,061 (7.3)	   11,486 (6.0)	      650 (0.6)	    8,002 (4.7)	   18,566 (3.6)	  211,843 (4.6)
4	  467,687 (2.7)	  297,031 (3.1)	    1,666 (2.1)	   24,594 (1.8)	    5,328 (1.2)	    6,965 (2.3)	      686 (1.0)	    3,284 (4.0)	    5,082 (2.6)	      280 (0.3)	    4,146 (2.4)	    7,698 (1.5)	  110,927 (2.4)
.	        0 (0.0)	        0 (0.0)	        0 (0.0)	        0 (0.0)	        0 (0.0)	        0 (0.0)	        0 (0.0)	        0 (0.0)	        0 (0.0)	        0 (0.0)	        0 (0.0)	        0 (0.0)	        0 (0.0)

Smoking status
1	  8002346 (45.9)	  4119017 (43.1)	   31,336 (39.7)	  570,982 (42.4)	  324,517 (74.7)	  199,595 (66.0)	   43,603 (62.2)	   42,117 (50.7)	  138,587 (72.2)	   77,997 (74.1)	   90,163 (52.5)	  308,102 (60.3)	  2056330 (44.8)
2	  5739855 (32.9)	  3665512 (38.4)	   31,583 (40.0)	  383,228 (28.4)	   62,350 (14.4)	   47,460 (15.7)	   12,377 (17.6)	   22,455 (27.1)	   28,008 (14.6)	   12,572 (11.9)	   40,148 (23.4)	   98,073 (19.2)	  1336089 (29.1)
3	  2962116 (17.0)	  1616494 (16.9)	   14,569 (18.4)	  334,618 (24.8)	   33,858 (7.8)	   43,689 (14.4)	   11,308 (16.1)	   16,592 (20.0)	   17,226 (9.0)	    9,362 (8.9)	   34,381 (20.0)	   82,227 (16.1)	  747,792 (16.3)
.	        0 (0.0)	        0 (0.0)	        0 (0.0)	        0 (0.0)	        0 (0.0)	        0 (0.0)	        0 (0.0)	        0 (0.0)	        0 (0.0)	        0 (0.0)	        0 (0.0)	        0 (0.0)	        0 (0.0)



HbA1c %
Mean (SD)	14.7 (12411.3)	20.3 (16338.6)	6.1 (3.3)	6.1 (3.7)	6.2 (2.7)	6.5 (3.3)	6.7 (4.5)	6.7 (5.2)	6.3 (4.0)	6.1 (3.1)	6.1 (3.2)	6.2 (3.9)	8.1 (1288.6)
Median (IQR)	5.7 (5.4-6.2)	5.7 (5.4-6.2)	5.7 (5.4-6.0)	5.6 (5.3-6.0)	5.8 (5.4-6.3)	5.9 (5.5-6.8)	5.9 (5.5-6.8)	5.9 (5.5-6.6)	5.7 (5.4-6.2)	5.7 (5.4-6.2)	5.6 (5.3-6.1)	5.7 (5.4-6.2)	5.7 (5.4-6.4)

HbA1c mmo/mol
Mean (SD)	42.3 (2869.8)	40.2 (340.1)	40.0 (150.5)	39.1 (140.9)	53.4 (669.3)	45.4 (322.8)	64.2 (909.7)	43.0 (13.4)	42.9 (279.0)	39.8 (8.9)	40.6 (174.3)	47.1 (510.9)	45.9 (6052.8)
Median (IQR)	38.0 (35.0-41.0)	38.0 (35.0-41.0)	38.0 (35.0-41.0)	37.0 (34.0-40.0)	39.0 (36.0-44.0)	39.0 (36.0-45.0)	40.0 (36.0-46.0)	40.0 (36.0-45.0)	39.0 (35.0-42.0)	38.0 (35.0-42.0)	37.0 (34.0-41.0)	38.0 (35.0-42.0)	38.0 (35.0-42.0)

Number people in household
Mean (SD)	4.5 (50.0)	3.2 (25.1)	5.0 (44.2)	12.3 (140.4)	6.2 (43.5)	5.1 (22.1)	5.2 (25.7)	3.3 (19.2)	5.5 (36.9)	33.4 (161.9)	7.6 (61.5)	7.5 (59.9)	3.5 (30.2)
Median (IQR)	2.0 (1.0-4.0)	2.0 (1.0-3.0)	2.0 (1.0-3.0)	3.0 (1.0-4.0)	4.0 (2.0-5.0)	4.0 (2.0-6.0)	4.0 (2.0-6.0)	2.0 (1.0-4.0)	3.0 (2.0-5.0)	2.0 (1.0-4.0)	3.0 (1.0-4.0)	3.0 (1.0-5.0)	2.0 (1.0-4.0)

Diabetes by type
1	   89,151 (0.5)	   55,581 (0.6)	      351 (0.4)	    4,647 (0.3)	    1,104 (0.3)	      871 (0.3)	      126 (0.2)	      420 (0.5)	      699 (0.4)	       83 (0.1)	      641 (0.4)	    1,238 (0.2)	   23,390 (0.5)

Diagnosed hypertension
1	  3740945 (21.5)	  2276810 (23.8)	   19,788 (25.0)	  167,713 (12.4)	   84,603 (19.5)	   45,505 (15.0)	   10,188 (14.5)	   26,325 (31.7)	   31,736 (16.5)	    7,258 (6.9)	   20,760 (12.1)	   69,151 (13.5)	  981,108 (21.4)

High blood pressure or hypertension diagnosis
1	  5986000 (34.3)	  3601906 (37.7)	   29,688 (37.6)	  316,175 (23.5)	  123,230 (28.4)	   69,963 (23.1)	   15,273 (21.8)	   35,211 (42.4)	   51,323 (26.7)	   12,495 (11.9)	   36,641 (21.3)	  112,624 (22.0)	  1581471 (34.5)

Chronic Cardiac Diseases
1	  1205975 (6.9)	  758,158 (7.9)	    6,941 (8.8)	   48,564 (3.6)	   24,683 (5.7)	   17,509 (5.8)	    3,311 (4.7)	    5,181 (6.2)	    4,039 (2.1)	    1,432 (1.4)	    4,745 (2.8)	   16,770 (3.3)	  314,642 (6.9)

Stroke
1	  380,830 (2.2)	  241,882 (2.5)	    2,397 (3.0)	   14,450 (1.1)	    5,772 (1.3)	    3,883 (1.3)	      779 (1.1)	    2,144 (2.6)	    1,543 (0.8)	      480 (0.5)	    1,514 (0.9)	    4,444 (0.9)	  101,542 (2.2)

end stage renal failure
1	   25,182 (0.1)	   13,413 (0.1)	      110 (0.1)	    1,005 (0.1)	    1,067 (0.2)	      796 (0.3)	      134 (0.2)	      327 (0.4)	      386 (0.2)	       82 (0.1)	      221 (0.1)	      811 (0.2)	    6,830 (0.1)

Cancer
1	  981,073 (5.6)	  638,428 (6.7)	    5,685 (7.2)	   41,962 (3.1)	    9,340 (2.1)	    5,344 (1.8)	      894 (1.3)	    4,439 (5.3)	    3,145 (1.6)	    1,760 (1.7)	    3,711 (2.2)	   10,579 (2.1)	  255,786 (5.6)

Permanent immunosuppression
1	   89,065 (0.5)	   45,175 (0.5)	      526 (0.7)	    5,746 (0.4)	    1,912 (0.4)	    1,296 (0.4)	      199 (0.3)	    1,305 (1.6)	    7,301 (3.8)	      232 (0.2)	    2,109 (1.2)	    3,650 (0.7)	   19,614 (0.4)

Temporary immunosuppression
1	    4,831 (0.0)	    3,006 (0.0)	       21 (0.0)	      247 (0.0)	       71 (0.0)	       66 (0.0)	        7 (0.0)	       31 (0.0)	       65 (0.0)	        6 (0.0)	       36 (0.0)	       96 (0.0)	    1,179 (0.0)

Autoimmune disease
1	  894,734 (5.1)	  571,363 (6.0)	    5,103 (6.5)	   42,279 (3.1)	   16,604 (3.8)	   11,611 (3.8)	    2,684 (3.8)	    2,682 (3.2)	    2,613 (1.4)	    1,777 (1.7)	    5,000 (2.9)	   13,768 (2.7)	  219,250 (4.8)

Immunosuppressed (combination algorithm)
1	   93,002 (0.5)	   47,627 (0.5)	      544 (0.7)	    5,956 (0.4)	    1,974 (0.5)	    1,353 (0.4)	      206 (0.3)	    1,330 (1.6)	    7,344 (3.8)	      238 (0.2)	    2,134 (1.2)	    3,730 (0.7)	   20,566 (0.4)

Chronic liver disease
1	  104,634 (0.6)	   62,116 (0.7)	      775 (1.0)	    6,994 (0.5)	    2,037 (0.5)	    2,037 (0.7)	      338 (0.5)	      398 (0.5)	    2,103 (1.1)	    1,178 (1.1)	      898 (0.5)	    3,021 (0.6)	   22,739 (0.5)

Dementia
1	   44,209 (0.3)	   28,146 (0.3)	      398 (0.5)	    1,532 (0.1)	      581 (0.1)	      374 (0.1)	      108 (0.2)	      402 (0.5)	      123 (0.1)	       46 (0.0)	      121 (0.1)	      425 (0.1)	   11,953 (0.3)

Neurological disease
1	  175,316 (1.0)	  112,518 (1.2)	      874 (1.1)	    7,157 (0.5)	    2,519 (0.6)	    2,132 (0.7)	      270 (0.4)	      824 (1.0)	      741 (0.4)	      210 (0.2)	      917 (0.5)	    2,315 (0.5)	   44,839 (1.0)

Chronic Respiratory Diseases
1	  724,683 (4.2)	  499,375 (5.2)	    5,450 (6.9)	   27,624 (2.0)	    6,982 (1.6)	    6,558 (2.2)	    1,079 (1.5)	    2,361 (2.8)	    1,660 (0.9)	      568 (0.5)	    2,276 (1.3)	    6,776 (1.3)	  163,974 (3.6)

Asthma category
1	 1.74e+07 (100.0)	  9546921 (100.0)	   79,000 (100.0)	  1347597 (100.0)	  434,433 (100.0)	  302,581 (100.0)	   70,152 (100.0)	   83,012 (100.0)	  191,895 (100.0)	  105,268 (100.0)	  171,624 (100.0)	  510,911 (100.0)	  4586329 (100.0)

BP med in last 6 months
.	        0 (0.0)	        0 (0.0)	        0 (0.0)	        0 (0.0)	        0 (0.0)	        0 (0.0)	        0 (0.0)	        0 (0.0)	        0 (0.0)	        0 (0.0)	        0 (0.0)	        0 (0.0)	        0 (0.0)
1	 1.74e+07 (100.0)	  9546921 (100.0)	   79,000 (100.0)	  1347597 (100.0)	  434,433 (100.0)	  302,581 (100.0)	   70,152 (100.0)	   83,012 (100.0)	  191,895 (100.0)	  105,268 (100.0)	  171,624 (100.0)	  510,911 (100.0)	  4586329 (100.0)

Statin in last 6 months
0	 1.47e+07 (84.2)	  7830320 (82.0)	   63,330 (80.2)	  1238485 (91.9)	  363,176 (83.6)	  255,128 (84.3)	   58,078 (82.8)	   69,598 (83.8)	  179,412 (93.5)	  100,791 (95.7)	  159,978 (93.2)	  460,837 (90.2)	  3903231 (85.1)
1	  2747359 (15.8)	  1716601 (18.0)	   15,670 (19.8)	  109,112 (8.1)	   71,257 (16.4)	   47,453 (15.7)	   12,074 (17.2)	   13,414 (16.2)	   12,483 (6.5)	    4,477 (4.3)	   11,646 (6.8)	   50,074 (9.8)	  683,098 (14.9)

Insulin in last 6 months
0	 1.72e+07 (98.6)	  9395986 (98.4)	   78,091 (98.8)	  1336920 (99.2)	  427,093 (98.3)	  295,896 (97.8)	   68,606 (97.8)	   80,691 (97.2)	  189,654 (98.8)	  104,896 (99.6)	  169,822 (99.0)	  505,554 (99.0)	  4524572 (98.7)
1	  251,942 (1.4)	  150,935 (1.6)	      909 (1.2)	   10,677 (0.8)	    7,340 (1.7)	    6,685 (2.2)	    1,546 (2.2)	    2,321 (2.8)	    2,241 (1.2)	      372 (0.4)	    1,802 (1.0)	    5,357 (1.0)	   61,757 (1.3)

