Table 2: Association between ethnicity in 16 categories and COVID-19 outcomes - Complete Case Analysis
	Denominator	Event	Total person-weeks	Rate per 1,000	Crude		Age/Sex Adjusted		Age/Sex/IMD Adjusted		plus co-morbidities		plus hh size/carehome		
					HR	95% CI	HR	95% CI	HR	95% CI	HR	95% CI	HR	95% CI
tested
British	9594647	40832	 250847963	0.16	1.00		1.00		1.00		1.00		1.00
Irish	79363	398	   2071913	0.19	1.30	(1.18 - 1.44)	1.21	(1.09 - 1.33)	1.18	(1.07 - 1.30)	1.23	(1.09 - 1.39)	1.26	(1.11 - 1.43)
Other White	1351071	4897	  35410110	0.14	0.93	(0.90 - 0.96)	1.08	(1.05 - 1.11)	1.03	(1.00 - 1.06)	1.15	(1.10 - 1.20)	1.15	(1.10 - 1.21)
Indian	435953	4113	  11401871	0.36	2.16	(2.09 - 2.24)	2.48	(2.40 - 2.57)	2.35	(2.27 - 2.43)	1.93	(1.84 - 2.02)	1.82	(1.73 - 1.91)
Pakistani	302824	3483	   7922009	0.44	2.40	(2.32 - 2.49)	2.89	(2.79 - 2.99)	2.57	(2.48 - 2.67)	2.04	(1.94 - 2.14)	1.85	(1.75 - 1.95)
Bangladeshi	70229	369	   1840563	0.20	1.21	(1.09 - 1.34)	1.50	(1.35 - 1.66)	1.33	(1.19 - 1.47)	1.12	(0.98 - 1.28)	1.05	(0.91 - 1.21)
Other Asian	224133	1848	   5863911	0.32	2.11	(2.02 - 2.22)	2.58	(2.46 - 2.71)	2.43	(2.31 - 2.55)	2.27	(2.12 - 2.42)	2.13	(1.99 - 2.28)
Caribbean	83197	569	   2172376	0.26	1.71	(1.57 - 1.86)	1.73	(1.59 - 1.88)	1.56	(1.44 - 1.70)	1.44	(1.30 - 1.59)	1.54	(1.39 - 1.71)
African	192234	1416	   5031251	0.28	1.78	(1.68 - 1.87)	2.26	(2.15 - 2.39)	2.04	(1.93 - 2.15)	1.96	(1.82 - 2.11)	1.88	(1.73 - 2.03)
Other Black	68862	373	   1803411	0.21	1.34	(1.21 - 1.49)	1.69	(1.53 - 1.88)	1.54	(1.39 - 1.71)	1.51	(1.32 - 1.73)	1.47	(1.28 - 1.70)
Chinese	105458	147	   2768745	0.05	0.34	(0.29 - 0.41)	0.44	(0.38 - 0.52)	0.45	(0.38 - 0.53)	0.70	(0.54 - 0.90)	0.66	(0.50 - 0.87)
All mixed	172310	866	   4514949	0.19	1.26	(1.17 - 1.34)	1.58	(1.48 - 1.69)	1.50	(1.40 - 1.60)	1.59	(1.45 - 1.75)	1.57	(1.42 - 1.74)
Other	219118	1110	   5740565	0.19	1.29	(1.21 - 1.37)	1.58	(1.49 - 1.68)	1.48	(1.40 - 1.58)	1.66	(1.52 - 1.80)	1.60	(1.47 - 1.74)
Unknown	4603658	17812	 120406491	0.15	0.95	(0.94 - 0.97)	0.99	(0.97 - 1.00)	0.99	(0.97 - 1.01)	1.05	(1.02 - 1.07)	1.05	(1.03 - 1.08)
positivetest
British	9594647	40832	 250847963	0.16	1.00		1.00		1.00		1.00		1.00
Irish	79363	398	   2071913	0.19	1.30	(1.18 - 1.44)	1.21	(1.09 - 1.33)	1.18	(1.07 - 1.30)	1.23	(1.09 - 1.39)	1.26	(1.11 - 1.43)
Other White	1351071	4897	  35410110	0.14	0.93	(0.90 - 0.96)	1.08	(1.05 - 1.11)	1.03	(1.00 - 1.06)	1.15	(1.10 - 1.20)	1.15	(1.10 - 1.21)
Indian	435953	4113	  11401871	0.36	2.16	(2.09 - 2.24)	2.48	(2.40 - 2.57)	2.35	(2.27 - 2.43)	1.93	(1.84 - 2.02)	1.82	(1.73 - 1.91)
Pakistani	302824	3483	   7922009	0.44	2.40	(2.32 - 2.49)	2.89	(2.79 - 2.99)	2.57	(2.48 - 2.67)	2.04	(1.94 - 2.14)	1.85	(1.75 - 1.95)
Bangladeshi	70229	369	   1840563	0.20	1.21	(1.09 - 1.34)	1.50	(1.35 - 1.66)	1.33	(1.19 - 1.47)	1.12	(0.98 - 1.28)	1.05	(0.91 - 1.21)
Other Asian	224133	1848	   5863911	0.32	2.11	(2.02 - 2.22)	2.58	(2.46 - 2.71)	2.43	(2.31 - 2.55)	2.27	(2.12 - 2.42)	2.13	(1.99 - 2.28)
Caribbean	83197	569	   2172376	0.26	1.71	(1.57 - 1.86)	1.73	(1.59 - 1.88)	1.56	(1.44 - 1.70)	1.44	(1.30 - 1.59)	1.54	(1.39 - 1.71)
African	192234	1416	   5031251	0.28	1.78	(1.68 - 1.87)	2.26	(2.15 - 2.39)	2.04	(1.93 - 2.15)	1.96	(1.82 - 2.11)	1.88	(1.73 - 2.03)
Other Black	68862	373	   1803411	0.21	1.34	(1.21 - 1.49)	1.69	(1.53 - 1.88)	1.54	(1.39 - 1.71)	1.51	(1.32 - 1.73)	1.47	(1.28 - 1.70)
Chinese	105458	147	   2768745	0.05	0.34	(0.29 - 0.41)	0.44	(0.38 - 0.52)	0.45	(0.38 - 0.53)	0.70	(0.54 - 0.90)	0.66	(0.50 - 0.87)
All mixed	172310	866	   4514949	0.19	1.26	(1.17 - 1.34)	1.58	(1.48 - 1.69)	1.50	(1.40 - 1.60)	1.59	(1.45 - 1.75)	1.57	(1.42 - 1.74)
Other	219118	1110	   5740565	0.19	1.29	(1.21 - 1.37)	1.58	(1.49 - 1.68)	1.48	(1.40 - 1.58)	1.66	(1.52 - 1.80)	1.60	(1.47 - 1.74)
Unknown	4603658	17812	 120406491	0.15	0.95	(0.94 - 0.97)	0.99	(0.97 - 1.00)	0.99	(0.97 - 1.01)	1.05	(1.02 - 1.07)	1.05	(1.03 - 1.08)
ae
British	9594647	792533	 240590245	3.29	1.00		1.00		1.00		1.00		1.00
Irish	79363	6789	   1984796	3.42	1.09	(1.06 - 1.12)	1.05	(1.03 - 1.08)	1.03	(1.00 - 1.05)	1.09	(1.06 - 1.13)	1.10	(1.06 - 1.13)
Other White	1351071	78355	  34376994	2.28	0.72	(0.72 - 0.73)	0.76	(0.75 - 0.77)	0.73	(0.72 - 0.73)	0.93	(0.92 - 0.94)	0.93	(0.92 - 0.94)
Indian	435953	23785	  11103295	2.14	0.71	(0.70 - 0.72)	0.75	(0.74 - 0.76)	0.72	(0.71 - 0.73)	0.83	(0.82 - 0.85)	0.82	(0.81 - 0.84)
Pakistani	302824	20631	   7652854	2.70	0.83	(0.82 - 0.84)	0.88	(0.87 - 0.90)	0.78	(0.77 - 0.80)	0.78	(0.77 - 0.80)	0.77	(0.75 - 0.78)
Bangladeshi	70229	4295	   1781393	2.41	0.75	(0.73 - 0.78)	0.81	(0.79 - 0.84)	0.72	(0.70 - 0.74)	0.73	(0.70 - 0.76)	0.72	(0.69 - 0.75)
Other Asian	224133	12611	   5704554	2.21	0.73	(0.71 - 0.74)	0.78	(0.77 - 0.80)	0.74	(0.73 - 0.75)	0.90	(0.88 - 0.92)	0.89	(0.87 - 0.91)
Caribbean	83197	6959	   2081038	3.34	1.08	(1.05 - 1.10)	1.09	(1.06 - 1.11)	0.99	(0.96 - 1.01)	1.00	(0.97 - 1.03)	1.01	(0.98 - 1.04)
African	192234	12490	   4868330	2.57	0.81	(0.80 - 0.83)	0.89	(0.88 - 0.91)	0.80	(0.79 - 0.82)	0.96	(0.93 - 0.98)	0.95	(0.93 - 0.98)
Other Black	68862	4947	   1737070	2.85	0.91	(0.88 - 0.94)	0.99	(0.97 - 1.02)	0.90	(0.88 - 0.93)	0.97	(0.94 - 1.01)	0.97	(0.93 - 1.01)
Chinese	105458	2099	   2740185	0.77	0.25	(0.24 - 0.26)	0.26	(0.25 - 0.27)	0.26	(0.25 - 0.27)	0.57	(0.54 - 0.61)	0.57	(0.53 - 0.61)
All mixed	172310	12144	   4354693	2.79	0.88	(0.87 - 0.90)	0.94	(0.93 - 0.96)	0.89	(0.88 - 0.91)	0.98	(0.96 - 1.01)	0.97	(0.95 - 1.00)
Other	219118	13119	   5567309	2.36	0.76	(0.75 - 0.78)	0.82	(0.81 - 0.84)	0.77	(0.76 - 0.79)	0.98	(0.96 - 1.00)	0.97	(0.94 - 0.99)
Unknown	4603658	341620	 115993463	2.95	0.90	(0.90 - 0.90)	0.88	(0.88 - 0.89)	0.88	(0.88 - 0.89)	1.00	(1.00 - 1.01)	1.00	(1.00 - 1.01)