Table 0: Outcome counts by ethnic group
	Total	British	Irish	Other White	Indian	Pakistani	Bangladeshi	Caribbean	African	Chinese	All mixed	All Other	Unknown
Whole study population- no exclusions
N	 2.17e+07 (100.0)	 1.14e+07 (100.0)	   85,228 (100.0)	  1605107 (100.0)	  525,690 (100.0)	  415,236 (100.0)	   96,637 (100.0)	   94,504 (100.0)	  251,121 (100.0)	  117,476 (100.0)	  267,049 (100.0)	  645,792 (100.0)	  6205438 (100.0)	

tested	   85,097 (0.4)	   42,930 (0.4)	      411 (0.5)	    5,385 (0.3)	    4,817 (0.9)	    4,465 (1.1)	      459 (0.5)	      594 (0.6)	    1,570 (0.6)	      154 (0.1)	      998 (0.4)	    3,630 (0.6)	   19,684 (0.3)	
positivetest	   85,097 (0.4)	   42,930 (0.4)	      411 (0.5)	    5,385 (0.3)	    4,817 (0.9)	    4,465 (1.1)	      459 (0.5)	      594 (0.6)	    1,570 (0.6)	      154 (0.1)	      998 (0.4)	    3,630 (0.6)	   19,684 (0.3)	
ae	  1742613 (8.0)	  989,711 (8.7)	    7,609 (8.9)	   97,550 (6.1)	   29,669 (5.6)	   28,595 (6.9)	    5,922 (6.1)	    8,082 (8.6)	   16,249 (6.5)	    2,609 (2.2)	   19,215 (7.2)	   39,715 (6.1)	  497,687 (8.0)	
icu	    [REDACTED]
onscoviddeath	   15,634 (0.1)	    9,686 (0.1)	      127 (0.1)	      561 (0.0)	      357 (0.1)	      215 (0.1)	       49 (0.1)	      164 (0.2)	      100 (0.0)	       28 (0.0)	       77 (0.0)	      301 (0.0)	    3,969 (0.1)	
ons_noncoviddeath	   85,006 (0.4)	   53,735 (0.5)	      554 (0.7)	    2,920 (0.2)	      896 (0.2)	      542 (0.1)	       94 (0.1)	      390 (0.4)	      176 (0.1)	       67 (0.1)	      192 (0.1)	      659 (0.1)	   24,781 (0.4)	
onsdeath	  100,640 (0.5)	   63,421 (0.6)	      681 (0.8)	    3,481 (0.2)	    1,253 (0.2)	      757 (0.2)	      143 (0.1)	      554 (0.6)	      276 (0.1)	       95 (0.1)	      269 (0.1)	      960 (0.1)	   28,750 (0.5)	
cpnsdeath	    9,778 (0.0)	    5,799 (0.1)	       86 (0.1)	      379 (0.0)	      282 (0.1)	      182 (0.0)	       36 (0.0)	      115 (0.1)	       84 (0.0)	       18 (0.0)	       54 (0.0)	      245 (0.0)	    2,498 (0.0)	
Adults aged 18-105
N	 1.75e+07 (100.0)	  9594798 (100.0)	   79,364 (100.0)	  1351091 (100.0)	  435,954 (100.0)	  302,825 (100.0)	   70,229 (100.0)	   83,198 (100.0)	  192,237 (100.0)	  105,461 (100.0)	  172,317 (100.0)	  512,120 (100.0)	  4603732 (100.0)	

tested	   82,079 (0.5)	   42,158 (0.4)	      411 (0.5)	    5,207 (0.4)	    4,515 (1.0)	    4,026 (1.3)	      421 (0.6)	      588 (0.7)	    1,510 (0.8)	      152 (0.1)	      922 (0.5)	    3,498 (0.7)	   18,671 (0.4)	
positivetest	   82,079 (0.5)	   42,158 (0.4)	      411 (0.5)	    5,207 (0.4)	    4,515 (1.0)	    4,026 (1.3)	      421 (0.6)	      588 (0.7)	    1,510 (0.8)	      152 (0.1)	      922 (0.5)	    3,498 (0.7)	   18,671 (0.4)	
ae	  1423092 (8.1)	  846,096 (8.8)	    7,228 (9.1)	   83,503 (6.2)	   25,357 (5.8)	   22,226 (7.3)	    4,615 (6.6)	    7,444 (8.9)	   13,379 (7.0)	    2,240 (2.1)	   12,948 (7.5)	   32,827 (6.4)	  365,229 (7.9)	
icu	    3,022 (0.0)	    1,467 (0.0)	        [REDACTED]	      [REDACTED]      154 (0.0)	      110 (0.0)	       24 (0.0)	       41 (0.0)	      115 (0.1)	       16 (0.0)	       56 (0.0)	      206 (0.0)	      650 (0.0)	
onscoviddeath	   15,629 (0.1)	    9,684 (0.1)	      127 (0.2)	      561 (0.0)	      357 (0.1)	      214 (0.1)	       49 (0.1)	      164 (0.2)	      100 (0.1)	       28 (0.0)	       77 (0.0)	      301 (0.1)	    3,967 (0.1)	
ons_noncoviddeath	   84,878 (0.5)	   53,692 (0.6)	      554 (0.7)	    2,915 (0.2)	      891 (0.2)	      529 (0.2)	       93 (0.1)	      389 (0.5)	      174 (0.1)	       67 (0.1)	      192 (0.1)	      652 (0.1)	   24,730 (0.5)	
onsdeath	  100,507 (0.6)	   63,376 (0.7)	      681 (0.9)	    3,476 (0.3)	    1,248 (0.3)	      743 (0.2)	      142 (0.2)	      553 (0.7)	      274 (0.1)	       95 (0.1)	      269 (0.2)	      953 (0.2)	   28,697 (0.6)	
cpnsdeath	    9,776 (0.1)	    5,799 (0.1)	       86 (0.1)	      379 (0.0)	      282 (0.1)	      181 (0.1)	       36 (0.1)	      115 (0.1)	       84 (0.0)	       18 (0.0)	       54 (0.0)	      245 (0.0)	    2,497 (0.1)	
Adults with valid sex recorded
N	 1.75e+07 (100.0)	  9594647 (100.0)	   79,363 (100.0)	  1351071 (100.0)	  435,953 (100.0)	  302,824 (100.0)	   70,229 (100.0)	   83,197 (100.0)	  192,234 (100.0)	  105,458 (100.0)	  172,310 (100.0)	  512,113 (100.0)	  4603658 (100.0)	

tested	   82,077 (0.5)	   42,158 (0.4)	      411 (0.5)	    5,207 (0.4)	    4,515 (1.0)	    4,026 (1.3)	      421 (0.6)	      588 (0.7)	    1,510 (0.8)	      152 (0.1)	      922 (0.5)	    3,498 (0.7)	   18,669 (0.4)	
positivetest	   82,077 (0.5)	   42,158 (0.4)	      411 (0.5)	    5,207 (0.4)	    4,515 (1.0)	    4,026 (1.3)	      421 (0.6)	      588 (0.7)	    1,510 (0.8)	      152 (0.1)	      922 (0.5)	    3,498 (0.7)	   18,669 (0.4)	
ae	  1423050 (8.1)	  846,071 (8.8)	    7,228 (9.1)	   83,503 (6.2)	   25,357 (5.8)	   22,226 (7.3)	    4,615 (6.6)	    7,444 (8.9)	   13,377 (7.0)	    2,240 (2.1)	   12,947 (7.5)	   32,827 (6.4)	  365,215 (7.9)	
icu	    3,022 (0.0)	    1,467 (0.0)	        [REDACTED]      [REDACTED]	      154 (0.0)	      110 (0.0)	       24 (0.0)	       41 (0.0)	      115 (0.1)	       16 (0.0)	       56 (0.0)	      206 (0.0)	      650 (0.0)	
onscoviddeath	   15,629 (0.1)	    9,684 (0.1)	      127 (0.2)	      561 (0.0)	      357 (0.1)	      214 (0.1)	       49 (0.1)	      164 (0.2)	      100 (0.1)	       28 (0.0)	       77 (0.0)	      301 (0.1)	    3,967 (0.1)	
ons_noncoviddeath	   84,878 (0.5)	   53,692 (0.6)	      554 (0.7)	    2,915 (0.2)	      891 (0.2)	      529 (0.2)	       93 (0.1)	      389 (0.5)	      174 (0.1)	       67 (0.1)	      192 (0.1)	      652 (0.1)	   24,730 (0.5)	
onsdeath	  100,507 (0.6)	   63,376 (0.7)	      681 (0.9)	    3,476 (0.3)	    1,248 (0.3)	      743 (0.2)	      142 (0.2)	      553 (0.7)	      274 (0.1)	       95 (0.1)	      269 (0.2)	      953 (0.2)	   28,697 (0.6)	
cpnsdeath	    9,776 (0.1)	    5,799 (0.1)	       86 (0.1)	      379 (0.0)	      282 (0.1)	      181 (0.1)	       36 (0.1)	      115 (0.1)	       84 (0.0)	       18 (0.0)	       54 (0.0)	      245 (0.0)	    2,497 (0.1)	
