Table 2: Association between ethnicity in 5 categories and COVID-19 outcomes - Complete Case Analysis
	Denominator	Event	Total person-weeks	Rate per 1,000	Crude		Age/Sex Adjusted		Age/Sex/IMD Adjusted		plus co-morbidities		plus hh size/carehome		
					HR	95% CI	HR	95% CI	HR	95% CI	HR	95% CI	HR	95% CI
tested
White	11025081	46127	 288329984	0.16	1.00		1.00		1.00		1.00		1.00
South Asian	1033139	9813	  27028354	0.36	2.18	(2.13 - 2.23)	2.53	(2.48 - 2.59)	2.35	(2.30 - 2.41)	1.92	(1.86 - 1.99)	1.78	(1.72 - 1.85)
Black	344293	2358	   9007038	0.26	1.69	(1.62 - 1.76)	1.99	(1.90 - 2.07)	1.80	(1.73 - 1.88)	1.66	(1.56 - 1.75)	1.65	(1.55 - 1.75)
Mixed	172310	866	   4514949	0.19	1.26	(1.18 - 1.35)	1.56	(1.46 - 1.67)	1.49	(1.39 - 1.59)	1.55	(1.41 - 1.71)	1.53	(1.39 - 1.69)
Other	324576	1257	   8509309	0.15	0.98	(0.93 - 1.04)	1.20	(1.14 - 1.27)	1.16	(1.09 - 1.23)	1.44	(1.33 - 1.55)	1.39	(1.28 - 1.51)
positivetest
White	11025081	46127	 288329984	0.16	1.00		1.00		1.00		1.00		1.00
South Asian	1033139	9813	  27028354	0.36	2.18	(2.13 - 2.23)	2.53	(2.48 - 2.59)	2.35	(2.30 - 2.41)	1.92	(1.86 - 1.99)	1.78	(1.72 - 1.85)
Black	344293	2358	   9007038	0.26	1.69	(1.62 - 1.76)	1.99	(1.90 - 2.07)	1.80	(1.73 - 1.88)	1.66	(1.56 - 1.75)	1.65	(1.55 - 1.75)
Mixed	172310	866	   4514949	0.19	1.26	(1.18 - 1.35)	1.56	(1.46 - 1.67)	1.49	(1.39 - 1.59)	1.55	(1.41 - 1.71)	1.53	(1.39 - 1.69)
Other	324576	1257	   8509309	0.15	0.98	(0.93 - 1.04)	1.20	(1.14 - 1.27)	1.16	(1.09 - 1.23)	1.44	(1.33 - 1.55)	1.39	(1.28 - 1.51)
ae
White	11025081	877677	 276952027	3.17	1.00		1.00		1.00		1.00		1.00
South Asian	1033139	61322	  26242096	2.34	0.79	(0.78 - 0.80)	0.84	(0.83 - 0.85)	0.79	(0.78 - 0.79)	0.83	(0.82 - 0.84)	0.82	(0.81 - 0.83)
Black	344293	24396	   8686439	2.81	0.94	(0.93 - 0.95)	1.01	(0.99 - 1.02)	0.92	(0.91 - 0.93)	0.98	(0.97 - 1.00)	0.98	(0.96 - 1.00)
Mixed	172310	12144	   4354693	2.79	0.92	(0.90 - 0.94)	0.98	(0.97 - 1.00)	0.94	(0.92 - 0.96)	0.99	(0.96 - 1.02)	0.98	(0.96 - 1.01)
Other	324576	15218	   8307494	1.83	0.62	(0.61 - 0.63)	0.66	(0.65 - 0.67)	0.64	(0.63 - 0.65)	0.91	(0.89 - 0.93)	0.90	(0.88 - 0.92)
icu
White	11025081	1648	 282559561	0.01	1.00		1.00		1.00		1.00		1.00
South Asian	1033139	393	  26527611	0.01	2.35	(2.10 - 2.65)	3.25	(2.89 - 3.67)	3.01	(2.67 - 3.40)	2.52	(2.17 - 2.92)	2.28	(1.93 - 2.70)
Black	344293	181	   8837818	0.02	3.08	(2.63 - 3.60)	3.90	(3.32 - 4.57)	3.48	(2.96 - 4.09)	3.13	(2.58 - 3.80)	2.96	(2.41 - 3.65)
Mixed	172310	56	   4426483	0.01	2.02	(1.55 - 2.64)	3.27	(2.50 - 4.27)	3.10	(2.37 - 4.05)	3.23	(2.36 - 4.44)	3.23	(2.32 - 4.49)
Other	324576	91	   8338598	0.01	1.76	(1.42 - 2.18)	2.81	(2.27 - 3.49)	2.70	(2.18 - 3.35)	3.31	(2.56 - 4.29)	3.06	(2.32 - 4.04)
onscoviddeath
White	11025081	10372	 288836809	0.04	1.00		1.00		1.00		1.00		1.00
South Asian	1033139	772	  27120238	0.03	0.71	(0.66 - 0.77)	1.58	(1.46 - 1.71)	1.40	(1.29 - 1.51)	1.30	(1.20 - 1.42)	1.25	(1.14 - 1.38)
Black	344293	305	   9035895	0.03	0.84	(0.75 - 0.94)	1.73	(1.54 - 1.94)	1.48	(1.31 - 1.66)	1.31	(1.15 - 1.50)	1.40	(1.22 - 1.61)
Mixed	172310	77	   4525367	0.02	0.45	(0.36 - 0.56)	1.50	(1.19 - 1.87)	1.38	(1.10 - 1.72)	1.44	(1.13 - 1.85)	1.51	(1.18 - 1.95)
Other	324576	136	   8524755	0.02	0.42	(0.36 - 0.50)	1.27	(1.07 - 1.51)	1.19	(1.01 - 1.42)	1.28	(1.05 - 1.55)	1.26	(1.03 - 1.54)
ons_noncoviddeath
White	11025081	57161	 288836809	0.20	1.00		1.00		1.00		1.00		1.00
South Asian	1033139	1786	  27120238	0.07	0.37	(0.35 - 0.39)	0.82	(0.78 - 0.86)	0.74	(0.70 - 0.78)	0.78	(0.74 - 0.83)	0.77	(0.72 - 0.81)
Black	344293	671	   9035895	0.07	0.42	(0.39 - 0.46)	0.89	(0.82 - 0.96)	0.78	(0.72 - 0.84)	0.78	(0.71 - 0.86)	0.81	(0.74 - 0.89)
Mixed	172310	192	   4525367	0.04	0.23	(0.20 - 0.27)	0.77	(0.67 - 0.89)	0.72	(0.63 - 0.83)	0.77	(0.65 - 0.91)	0.75	(0.63 - 0.90)
Other	324576	338	   8524755	0.04	0.23	(0.20 - 0.25)	0.67	(0.60 - 0.75)	0.64	(0.58 - 0.72)	0.76	(0.67 - 0.86)	0.75	(0.66 - 0.85)
onsdeath
White	11025081	67533	 288836809	0.23	1.00		1.00		1.00		1.00		1.00
South Asian	1033139	2558	  27120238	0.09	0.43	(0.42 - 0.45)	0.95	(0.91 - 0.99)	0.86	(0.83 - 0.90)	0.90	(0.86 - 0.94)	0.87	(0.83 - 0.92)
Black	344293	976	   9035895	0.11	0.50	(0.47 - 0.53)	1.04	(0.98 - 1.11)	0.91	(0.85 - 0.97)	0.90	(0.84 - 0.97)	0.94	(0.87 - 1.01)
Mixed	172310	269	   4525367	0.06	0.27	(0.24 - 0.31)	0.89	(0.79 - 1.01)	0.83	(0.74 - 0.94)	0.90	(0.78 - 1.03)	0.90	(0.78 - 1.04)
Other	324576	474	   8524755	0.06	0.26	(0.24 - 0.28)	0.77	(0.71 - 0.85)	0.74	(0.67 - 0.81)	0.86	(0.78 - 0.95)	0.85	(0.76 - 0.95)
cpnsdeath
White	11025081	6001	 288835584	0.02	1.00		1.00		1.00		1.00		1.00
South Asian	1033139	599	  27120128	0.02	0.91	(0.83 - 0.99)	1.93	(1.76 - 2.11)	1.69	(1.54 - 1.85)	1.54	(1.39 - 1.70)	1.51	(1.35 - 1.69)
Black	344293	225	   9035826	0.02	0.99	(0.87 - 1.14)	1.99	(1.74 - 2.29)	1.68	(1.46 - 1.93)	1.49	(1.28 - 1.74)	1.54	(1.31 - 1.82)
Mixed	172310	53	   4525325	0.01	0.51	(0.39 - 0.67)	1.61	(1.22 - 2.11)	1.47	(1.12 - 1.92)	1.43	(1.05 - 1.94)	1.47	(1.08 - 2.02)
Other	324576	96	   8524694	0.01	0.50	(0.41 - 0.62)	1.42	(1.16 - 1.75)	1.34	(1.09 - 1.64)	1.50	(1.20 - 1.88)	1.48	(1.17 - 1.87)
