Table 1: Demographic and Clinical Characteristics
	Total	British	Irish	Other White	Indian	Pakistani	Bangladeshi	Other Asian	Caribbean	African	Other Black	Chinese	All mixed	Other	Unknown

1	 1.75e+07 (100.0)	  9594647 (100.0)	   79,363 (100.0)	  1351071 (100.0)	  435,953 (100.0)	  302,824 (100.0)	   70,229 (100.0)	  224,133 (100.0)	   83,197 (100.0)	  192,234 (100.0)	   68,862 (100.0)	  105,458 (100.0)	  172,310 (100.0)	  219,118 (100.0)	  4603658 (100.0)	

Age (years)
Mean (SD)	49.7 (18.7)	52.4 (18.3)	53.8 (18.7)	42.9 (15.8)	44.9 (15.9)	41.4 (15.2)	39.9 (14.0)	42.3 (14.8)	50.8 (17.8)	41.2 (13.7)	42.3 (14.8)	37.7 (15.2)	40.0 (14.9)	41.4 (14.7)	48.9 (20.2)	
Median (IQR)	49.0 (34.0-64.0)	53.0 (37.0-67.0)	53.0 (38.0-70.0)	39.0 (31.0-52.0)	42.0 (33.0-55.0)	39.0 (30.0-50.0)	38.0 (30.0-47.0)	40.0 (31.0-51.0)	51.0 (37.0-62.0)	41.0 (31.0-50.0)	42.0 (31.0-53.0)	33.0 (25.0-47.0)	38.0 (28.0-49.0)	39.0 (31.0-50.0)	49.0 (31.0-64.0)	

Grouped age
1	  2999748 (17.1)	  1258535 (13.1)	    8,483 (10.7)	  268,545 (19.9)	   68,260 (15.7)	   68,876 (22.7)	   16,680 (23.8)	   45,928 (20.5)	   11,477 (13.8)	   41,826 (21.8)	   15,737 (22.9)	   42,028 (39.9)	   48,445 (28.1)	   48,419 (22.1)	  1056509 (22.9)	
2	  3013553 (17.2)	  1427806 (14.9)	   13,428 (16.9)	  410,911 (30.4)	  122,640 (28.1)	   85,818 (28.3)	   20,828 (29.7)	   60,498 (27.0)	   12,870 (15.5)	   47,715 (24.8)	   14,830 (21.5)	   24,336 (23.1)	   45,785 (26.6)	   62,377 (28.5)	  663,711 (14.4)	
3	  2887454 (16.5)	  1523943 (15.9)	   12,581 (15.9)	  282,696 (20.9)	   98,448 (22.6)	   70,791 (23.4)	   18,354 (26.1)	   55,884 (24.9)	   13,778 (16.6)	   52,760 (27.4)	   15,933 (23.1)	   16,642 (15.8)	   35,223 (20.4)	   52,241 (23.8)	  638,180 (13.9)	
4	  3083245 (17.6)	  1851961 (19.3)	   13,074 (16.5)	  173,089 (12.8)	   61,097 (14.0)	   36,624 (12.1)	    7,790 (11.1)	   31,682 (14.1)	   20,654 (24.8)	   32,174 (16.7)	   14,385 (20.9)	   10,845 (10.3)	   24,392 (14.2)	   29,144 (13.3)	  776,334 (16.9)	
5	  2417806 (13.8)	  1538336 (16.0)	   11,930 (15.0)	  107,922 (8.0)	   47,888 (11.0)	   24,386 (8.1)	    3,905 (5.6)	   17,585 (7.8)	   11,540 (13.9)	   11,588 (6.0)	    5,042 (7.3)	    7,199 (6.8)	   10,960 (6.4)	   15,389 (7.0)	  604,136 (13.1)	
6	  1958842 (11.2)	  1304492 (13.6)	   12,325 (15.5)	   70,107 (5.2)	   24,803 (5.7)	    9,472 (3.1)	    1,518 (2.2)	    8,869 (4.0)	    6,272 (7.5)	    4,433 (2.3)	    1,905 (2.8)	    3,016 (2.9)	    4,983 (2.9)	    7,897 (3.6)	  498,750 (10.8)	
7	  1142409 (6.5)	  689,574 (7.2)	    7,542 (9.5)	   37,801 (2.8)	   12,817 (2.9)	    6,857 (2.3)	    1,154 (1.6)	    3,687 (1.6)	    6,606 (7.9)	    1,738 (0.9)	    1,030 (1.5)	    1,392 (1.3)	    2,522 (1.5)	    3,651 (1.7)	  366,038 (8.0)	

Male
0	  8769190 (50.1)	  5011787 (52.2)	   40,111 (50.5)	  689,075 (51.0)	  205,292 (47.1)	  145,725 (48.1)	   32,945 (46.9)	  110,912 (49.5)	   43,592 (52.4)	   93,749 (48.8)	   34,408 (50.0)	   55,211 (52.4)	   88,682 (51.5)	  104,803 (47.8)	  2112898 (45.9)	
1	  8733867 (49.9)	  4582860 (47.8)	   39,252 (49.5)	  661,996 (49.0)	  230,661 (52.9)	  157,099 (51.9)	   37,284 (53.1)	  113,221 (50.5)	   39,605 (47.6)	   98,485 (51.2)	   34,454 (50.0)	   50,247 (47.6)	   83,628 (48.5)	  114,315 (52.2)	  2490760 (54.1)	

Number of GP consultations in the 12 months prior to baseline
Mean (SD)	5.9 (8.5)	6.7 (9.2)	6.5 (9.6)	4.0 (7.1)	5.8 (8.3)	6.9 (9.5)	6.5 (8.5)	5.1 (7.9)	6.5 (8.6)	4.9 (7.7)	5.5 (8.7)	2.2 (4.9)	5.2 (8.4)	4.6 (7.9)	4.8 (7.1)	
Median (IQR)	3.0 (1.0-8.0)	4.0 (1.0-9.0)	4.0 (0.0-9.0)	1.0 (0.0-5.0)	3.0 (0.0-8.0)	4.0 (1.0-10.0)	4.0 (1.0-9.0)	2.0 (0.0-7.0)	4.0 (1.0-9.0)	2.0 (0.0-7.0)	3.0 (0.0-8.0)	0.0 (0.0-2.0)	2.0 (0.0-7.0)	2.0 (0.0-6.0)	2.0 (0.0-7.0)	

Index of Multiple Deprivation (IMD)
1	  3511230 (20.1)	  2119434 (22.1)	   14,581 (18.4)	  170,730 (12.6)	   49,290 (11.3)	   12,190 (4.0)	    3,238 (4.6)	   23,546 (10.5)	    5,131 (6.2)	   12,598 (6.6)	    5,068 (7.4)	   19,854 (18.8)	   22,310 (12.9)	   23,427 (10.7)	  1029833 (22.4)	
2	  3497284 (20.0)	  2046136 (21.3)	   16,839 (21.2)	  239,373 (17.7)	   58,552 (13.4)	   18,890 (6.2)	    5,002 (7.1)	   32,288 (14.4)	    8,446 (10.2)	   18,904 (9.8)	    7,344 (10.7)	   22,274 (21.1)	   27,284 (15.8)	   32,423 (14.8)	  963,529 (20.9)	
3	  3503769 (20.0)	  1943621 (20.3)	   16,993 (21.4)	  271,085 (20.1)	   95,185 (21.8)	   36,439 (12.0)	   10,284 (14.6)	   47,660 (21.3)	   14,308 (17.2)	   29,806 (15.5)	   10,754 (15.6)	   21,630 (20.5)	   32,301 (18.7)	   39,333 (18.0)	  934,370 (20.3)	
4	  3497684 (20.0)	  1774195 (18.5)	   16,630 (21.0)	  333,362 (24.7)	  142,001 (32.6)	   73,044 (24.1)	   18,281 (26.0)	   61,900 (27.6)	   21,780 (26.2)	   50,738 (26.4)	   18,434 (26.8)	   24,197 (22.9)	   40,562 (23.5)	   55,517 (25.3)	  867,043 (18.8)	
5	  3349864 (19.1)	  1625691 (16.9)	   13,692 (17.3)	  325,462 (24.1)	   86,422 (19.8)	  160,910 (53.1)	   33,000 (47.0)	   56,633 (25.3)	   32,951 (39.6)	   78,030 (40.6)	   26,614 (38.6)	   16,018 (15.2)	   48,015 (27.9)	   66,342 (30.3)	  780,084 (16.9)	

Number of people in household
1	  7614823 (43.5)	  4690683 (48.9)	   41,217 (51.9)	  494,498 (36.6)	   98,841 (22.7)	   42,849 (14.1)	    9,449 (13.5)	   61,491 (27.4)	   38,655 (46.5)	   56,814 (29.6)	   23,979 (34.8)	   46,944 (44.5)	   63,275 (36.7)	   73,631 (33.6)	  1872497 (40.7)	
2	  6223399 (35.6)	  3252349 (33.9)	   24,073 (30.3)	  523,733 (38.8)	  198,089 (45.4)	  113,955 (37.6)	   29,298 (41.7)	   93,804 (41.9)	   30,548 (36.7)	   80,036 (41.6)	   26,425 (38.4)	   33,100 (31.4)	   70,289 (40.8)	   85,721 (39.1)	  1661979 (36.1)	
3	  1002920 (5.7)	  298,534 (3.1)	    3,837 (4.8)	  148,413 (11.0)	   73,315 (16.8)	   89,895 (29.7)	   20,286 (28.9)	   38,327 (17.1)	    5,502 (6.6)	   34,761 (18.1)	   10,581 (15.4)	    8,661 (8.2)	   18,246 (10.6)	   31,334 (14.3)	  221,228 (4.8)	
4	  222,517 (1.3)	   72,155 (0.8)	    1,458 (1.8)	   39,082 (2.9)	   19,316 (4.4)	   11,621 (3.8)	    2,126 (3.0)	    8,421 (3.8)	      743 (0.9)	    4,704 (2.4)	    1,417 (2.1)	    7,591 (7.2)	    3,620 (2.1)	    6,966 (3.2)	   43,297 (0.9)	
.	        0 (0.0)	        0 (0.0)	        0 (0.0)	        0 (0.0)	        0 (0.0)	        0 (0.0)	        0 (0.0)	        0 (0.0)	        0 (0.0)	        0 (0.0)	        0 (0.0)	        0 (0.0)	        0 (0.0)	        0 (0.0)	        0 (0.0)	

Care home y/n
0	 1.74e+07 (99.6)	  9542613 (99.5)	   78,787 (99.3)	  1348173 (99.8)	  435,595 (99.9)	  302,724 (100.0)	   70,215 (100.0)	  223,983 (99.9)	   82,923 (99.7)	  192,043 (99.9)	   68,753 (99.8)	  105,387 (99.9)	  172,077 (99.9)	  218,799 (99.9)	  4582649 (99.5)	
1	   78,336 (0.4)	   52,034 (0.5)	      576 (0.7)	    2,898 (0.2)	      358 (0.1)	      100 (0.0)	       14 (0.0)	      150 (0.1)	      274 (0.3)	      191 (0.1)	      109 (0.2)	       71 (0.1)	      233 (0.1)	      319 (0.1)	   21,009 (0.5)	
.	        0 (0.0)	        0 (0.0)	        0 (0.0)	        0 (0.0)	        0 (0.0)	        0 (0.0)	        0 (0.0)	        0 (0.0)	        0 (0.0)	        0 (0.0)	        0 (0.0)	        0 (0.0)	        0 (0.0)	        0 (0.0)	        0 (0.0)	

Smoking status (missing set to non)
1	  8763428 (50.1)	  4288653 (44.7)	   32,981 (41.6)	  631,426 (46.7)	  339,399 (77.9)	  211,627 (69.9)	   46,522 (66.2)	  159,344 (71.1)	   44,086 (53.0)	  146,926 (76.4)	   44,428 (64.5)	   83,466 (79.1)	   97,498 (56.6)	  127,586 (58.2)	  2509486 (54.5)	
2	  5765354 (32.9)	  3682042 (38.4)	   31,750 (40.0)	  384,351 (28.4)	   62,581 (14.4)	   47,470 (15.7)	   12,392 (17.6)	   38,033 (17.0)	   22,492 (27.0)	   28,040 (14.6)	   13,404 (19.5)	   12,616 (12.0)	   40,278 (23.4)	   46,900 (21.4)	  1343005 (29.2)	
3	  2974275 (17.0)	  1623952 (16.9)	   14,632 (18.4)	  335,294 (24.8)	   33,973 (7.8)	   43,727 (14.4)	   11,315 (16.1)	   26,756 (11.9)	   16,619 (20.0)	   17,268 (9.0)	   11,030 (16.0)	    9,376 (8.9)	   34,534 (20.0)	   44,632 (20.4)	  751,167 (16.3)	

Body Mass Index (BMI, kg/m2)
Mean (SD)	27.4 (5.7)	27.6 (5.7)	26.9 (5.3)	26.2 (5.4)	26.3 (4.9)	27.5 (5.5)	26.2 (4.7)	25.9 (4.9)	28.4 (5.9)	27.9 (5.6)	27.9 (5.8)	22.9 (3.9)	26.8 (5.7)	26.3 (5.2)	27.7 (5.9)	
Median (IQR)	26.6 (23.4-30.5)	26.7 (23.5-30.7)	26.2 (23.1-29.8)	25.3 (22.3-29.1)	25.7 (22.9-29.0)	26.9 (23.7-30.6)	25.7 (23.1-28.7)	25.4 (22.5-28.6)	27.6 (24.3-31.6)	27.2 (23.9-31.1)	27.2 (23.8-31.1)	22.3 (20.1-24.9)	25.8 (22.7-29.8)	25.6 (22.6-29.2)	26.9 (23.4-31.0)	

Obesity with SA categories
1	 1.36e+07 (77.6)	  7225548 (75.3)	   62,610 (78.9)	  1125488 (83.3)	  310,817 (71.3)	  190,616 (62.9)	   51,319 (73.1)	  165,030 (73.6)	   59,344 (71.3)	  145,593 (75.7)	   51,927 (75.4)	  101,516 (96.3)	  139,374 (80.9)	  183,579 (83.8)	  3768081 (81.8)	
2	  2484648 (14.2)	  1491529 (15.5)	   11,321 (14.3)	  149,012 (11.0)	   87,951 (20.2)	   70,568 (23.3)	   13,706 (19.5)	   42,223 (18.8)	   14,561 (17.5)	   30,228 (15.7)	   10,677 (15.5)	    3,016 (2.9)	   20,900 (12.1)	   24,459 (11.2)	  514,497 (11.2)	
3	  958,960 (5.5)	  582,124 (6.1)	    3,753 (4.7)	   52,283 (3.9)	   26,885 (6.2)	   28,745 (9.5)	    3,861 (5.5)	   12,429 (5.5)	    6,021 (7.2)	   11,395 (5.9)	    4,170 (6.1)	      647 (0.6)	    7,921 (4.6)	    7,822 (3.6)	  210,904 (4.6)	
4	  478,607 (2.7)	  295,446 (3.1)	    1,679 (2.1)	   24,288 (1.8)	   10,300 (2.4)	   12,895 (4.3)	    1,343 (1.9)	    4,451 (2.0)	    3,271 (3.9)	    5,018 (2.6)	    2,088 (3.0)	      279 (0.3)	    4,115 (2.4)	    3,258 (1.5)	  110,176 (2.4)	

HbA1c %
Mean (SD)	5.9 (1.0)	5.9 (1.0)	5.8 (0.9)	5.7 (0.9)	6.1 (1.1)	6.2 (1.3)	6.3 (1.3)	6.0 (1.1)	6.2 (1.3)	6.0 (1.2)	5.9 (1.2)	5.9 (0.8)	5.9 (1.1)	5.8 (1.0)	5.9 (1.0)	
Median (IQR)	5.6 (5.4-6.0)	5.6 (5.4-6.0)	5.6 (5.4-5.9)	5.5 (5.3-5.9)	5.8 (5.4-6.3)	5.8 (5.4-6.4)	5.9 (5.5-6.5)	5.7 (5.4-6.2)	5.9 (5.5-6.4)	5.7 (5.4-6.1)	5.7 (5.4-6.1)	5.7 (5.4-6.0)	5.6 (5.4-6.0)	5.6 (5.4-6.0)	5.6 (5.4-6.1)	

HbA1c mmo/mol
Mean (SD)	41.0 (93.6)	40.5 (61.9)	39.9 (9.8)	39.3 (77.5)	43.1 (12.4)	45.0 (235.2)	54.2 (659.5)	42.7 (105.8)	43.8 (13.9)	42.1 (136.1)	42.7 (221.4)	40.4 (9.3)	40.5 (12.0)	40.2 (11.0)	41.4 (105.0)	
Median (IQR)	38.0 (35.0-42.0)	38.0 (35.0-42.0)	38.0 (35.0-41.0)	37.0 (34.0-41.0)	40.0 (36.0-45.0)	40.0 (36.0-46.0)	41.0 (37.0-48.0)	39.0 (36.0-44.0)	41.0 (37.0-46.0)	39.0 (35.0-43.0)	39.0 (35.0-43.0)	39.0 (36.0-42.0)	38.0 (35.0-42.0)	38.0 (35.0-42.0)	38.0 (35.0-43.0)	

Diabetes Type
0	 1.58e+07 (90.1)	  8635325 (90.0)	   70,644 (89.0)	  1271960 (94.1)	  350,801 (80.5)	  245,325 (81.0)	   55,575 (79.1)	  189,494 (84.5)	   64,621 (77.7)	  169,835 (88.3)	   60,729 (88.2)	  100,193 (95.0)	  157,580 (91.5)	  198,509 (90.6)	  4200877 (91.3)	
1	   89,610 (0.5)	   55,889 (0.6)	      352 (0.4)	    4,660 (0.3)	    1,112 (0.3)	      872 (0.3)	      125 (0.2)	      424 (0.2)	      422 (0.5)	      697 (0.4)	      258 (0.4)	       83 (0.1)	      648 (0.4)	      567 (0.3)	   23,501 (0.5)	
2	  1255062 (7.2)	  705,331 (7.4)	    5,278 (6.7)	   51,322 (3.8)	   59,161 (13.6)	   43,767 (14.5)	   10,993 (15.7)	   22,618 (10.1)	   12,573 (15.1)	   14,188 (7.4)	    5,153 (7.5)	    3,436 (3.3)	    9,713 (5.6)	   12,262 (5.6)	  299,267 (6.5)	
3	  386,917 (2.2)	  198,102 (2.1)	    3,089 (3.9)	   23,129 (1.7)	   24,879 (5.7)	   12,860 (4.2)	    3,536 (5.0)	   11,597 (5.2)	    5,581 (6.7)	    7,514 (3.9)	    2,722 (4.0)	    1,746 (1.7)	    4,369 (2.5)	    7,780 (3.6)	   80,013 (1.7)	

Diabetes type (Exeter definition)
0	 1.62e+07 (92.4)	  8838877 (92.1)	   73,809 (93.0)	  1296083 (95.9)	  376,436 (86.3)	  258,681 (85.4)	   59,279 (84.4)	  201,441 (89.9)	   70,306 (84.5)	  177,595 (92.4)	   63,539 (92.3)	  101,971 (96.7)	  162,102 (94.1)	  206,554 (94.3)	  4285104 (93.1)	
1	   78,102 (0.4)	   49,046 (0.5)	      290 (0.4)	    3,792 (0.3)	      931 (0.2)	      804 (0.3)	      127 (0.2)	      346 (0.2)	      304 (0.4)	      562 (0.3)	      202 (0.3)	       68 (0.1)	      560 (0.3)	      468 (0.2)	   20,602 (0.4)	
2	  1253178 (7.2)	  706,724 (7.4)	    5,264 (6.6)	   51,196 (3.8)	   58,586 (13.4)	   43,339 (14.3)	   10,823 (15.4)	   22,346 (10.0)	   12,587 (15.1)	   14,077 (7.3)	    5,121 (7.4)	    3,419 (3.2)	    9,648 (5.6)	   12,096 (5.5)	  297,952 (6.5)	

Systolic BP
Mean (SD)	87.4 (122.8)	96.2 (154.8)	91.2 (59.9)	70.0 (64.2)	81.1 (61.0)	84.0 (58.5)	83.4 (68.0)	75.9 (61.0)	96.1 (58.5)	78.3 (62.5)	82.7 (61.2)	44.8 (59.0)	74.8 (61.8)	69.7 (62.1)	78.1 (64.9)	
Median (IQR)	119.0 (0.0-133.0)	121.0 (0.0-135.0)	120.0 (0.0-134.0)	107.0 (0.0-128.0)	113.0 (0.0-130.0)	113.0 (0.0-128.0)	111.0 (0.0-126.0)	110.0 (0.0-127.0)	122.0 (0.0-136.0)	112.0 (0.0-130.0)	114.0 (0.0-130.0)	0.0 (0.0-112.0)	110.0 (0.0-127.0)	105.0 (0.0-125.0)	114.0 (0.0-132.0)	

Diastolic BP
Mean (SD)	52.3 (36.8)	57.3 (34.7)	54.1 (35.6)	42.8 (38.8)	49.8 (37.5)	52.1 (36.3)	52.1 (36.2)	47.1 (37.9)	58.1 (35.5)	48.3 (38.7)	51.1 (37.9)	27.8 (36.6)	46.2 (38.3)	43.1 (38.5)	46.4 (38.3)	
Median (IQR)	70.0 (0.0-80.0)	72.0 (0.0-80.0)	70.0 (0.0-80.0)	64.0 (0.0-78.0)	70.0 (0.0-80.0)	70.0 (0.0-80.0)	70.0 (0.0-80.0)	68.0 (0.0-79.0)	74.0 (0.0-82.0)	70.0 (0.0-80.0)	70.0 (0.0-80.0)	0.0 (0.0-70.0)	68.0 (0.0-79.0)	64.0 (0.0-78.0)	68.0 (0.0-80.0)	

Mean Arterial Pressure
Mean (SD)	64.0 (57.0)	70.3 (63.7)	66.4 (43.5)	51.8 (47.0)	60.2 (45.1)	62.7 (43.5)	62.6 (44.8)	56.7 (45.4)	70.8 (42.8)	58.3 (46.4)	61.6 (45.5)	33.5 (44.0)	55.7 (45.9)	51.9 (46.2)	57.0 (46.8)	
Median (IQR)	87.3 (0.0-97.0)	90.0 (0.0-98.0)	88.3 (0.0-97.3)	80.0 (0.0-94.0)	85.7 (0.0-95.7)	85.7 (0.0-95.0)	85.0 (0.0-94.7)	83.3 (0.0-94.3)	91.0 (0.0-99.1)	84.7 (0.0-96.3)	86.3 (0.0-96.7)	0.0 (0.0-85.0)	82.7 (0.0-94.3)	79.3 (0.0-93.3)	84.7 (0.0-96.3)	



Count of co-morbid conditions
Mean (SD)	0.6 (0.9)	0.7 (0.9)	0.7 (1.0)	0.3 (0.7)	0.5 (0.8)	0.5 (0.8)	0.4 (0.7)	0.4 (0.7)	0.7 (0.9)	0.4 (0.7)	0.4 (0.7)	0.2 (0.5)	0.4 (0.7)	0.3 (0.7)	0.6 (0.9)	
Median (IQR)	0.0 (0.0-1.0)	0.0 (0.0-1.0)	0.0 (0.0-1.0)	0.0 (0.0-0.0)	0.0 (0.0-1.0)	0.0 (0.0-1.0)	0.0 (0.0-1.0)	0.0 (0.0-1.0)	0.0 (0.0-1.0)	0.0 (0.0-1.0)	0.0 (0.0-1.0)	0.0 (0.0-0.0)	0.0 (0.0-1.0)	0.0 (0.0-0.0)	0.0 (0.0-1.0)	

Diagnosed hypertension	  3766763 (21.5)	  2293661 (23.9)	   19,928 (25.1)	  168,829 (12.5)	   85,170 (19.5)	   45,707 (15.1)	   10,246 (14.6)	   33,057 (14.7)	   26,429 (31.8)	   31,907 (16.6)	   11,754 (17.1)	    7,306 (6.9)	   20,915 (12.1)	   24,717 (11.3)	  987,137 (21.4)	

Chronic Cardiac Diseases	  1218794 (7.0)	  765,983 (8.0)	    7,009 (8.8)	   49,149 (3.6)	   24,922 (5.7)	   17,628 (5.8)	    3,330 (4.7)	    8,241 (3.7)	    5,239 (6.3)	    4,075 (2.1)	    1,890 (2.7)	    1,446 (1.4)	    4,797 (2.8)	    6,799 (3.1)	  318,286 (6.9)	

Stroke	  386,076 (2.2)	  245,232 (2.6)	    2,429 (3.1)	   14,649 (1.1)	    5,852 (1.3)	    3,918 (1.3)	      793 (1.1)	    1,998 (0.9)	    2,176 (2.6)	    1,555 (0.8)	      745 (1.1)	      491 (0.5)	    1,536 (0.9)	    1,743 (0.8)	  102,959 (2.2)	

CKD defined by egfr<60	  1012186 (5.8)	  632,305 (6.6)	    5,501 (6.9)	   33,204 (2.5)	   13,638 (3.1)	    8,852 (2.9)	    1,635 (2.3)	    4,070 (1.8)	    8,398 (10.1)	    4,489 (2.3)	    2,308 (3.4)	      981 (0.9)	    3,839 (2.2)	    3,911 (1.8)	  289,055 (6.3)	

end stage renal failure	   25,565 (0.1)	   13,636 (0.1)	      112 (0.1)	    1,022 (0.1)	    1,082 (0.2)	      801 (0.3)	      137 (0.2)	      387 (0.2)	      331 (0.4)	      389 (0.2)	      161 (0.2)	       83 (0.1)	      220 (0.1)	      273 (0.1)	    6,931 (0.2)	

Cancer	  993,530 (5.7)	  646,677 (6.7)	    5,773 (7.3)	   42,483 (3.1)	    9,485 (2.2)	    5,396 (1.8)	      903 (1.3)	    4,175 (1.9)	    4,482 (5.4)	    3,200 (1.7)	    1,615 (2.3)	    1,780 (1.7)	    3,755 (2.2)	    4,906 (2.2)	  258,900 (5.6)	

Autoimmune disease	  900,974 (5.1)	  575,700 (6.0)	    5,145 (6.5)	   42,520 (3.1)	   16,732 (3.8)	   11,650 (3.8)	    2,699 (3.8)	    6,458 (2.9)	    2,703 (3.2)	    2,635 (1.4)	    1,622 (2.4)	    1,784 (1.7)	    5,042 (2.9)	    5,784 (2.6)	  220,500 (4.8)	

Immunosuppressed (perm or temp)	   94,141 (0.5)	   48,288 (0.5)	      549 (0.7)	    6,003 (0.4)	    1,984 (0.5)	    1,358 (0.4)	      206 (0.3)	    1,076 (0.5)	    1,338 (1.6)	    7,361 (3.8)	    1,477 (2.1)	      240 (0.2)	    2,146 (1.2)	    1,200 (0.5)	   20,915 (0.5)	

Chronic liver disease	  106,034 (0.6)	   62,936 (0.7)	      780 (1.0)	    7,095 (0.5)	    2,078 (0.5)	    2,053 (0.7)	      342 (0.5)	    1,239 (0.6)	      401 (0.5)	    2,117 (1.1)	      551 (0.8)	    1,184 (1.1)	      906 (0.5)	    1,278 (0.6)	   23,074 (0.5)	

Dementia	   45,090 (0.3)	   28,709 (0.3)	      407 (0.5)	    1,570 (0.1)	      592 (0.1)	      380 (0.1)	      108 (0.2)	      176 (0.1)	      403 (0.5)	      126 (0.1)	       68 (0.1)	       47 (0.0)	      126 (0.1)	      187 (0.1)	   12,191 (0.3)	

Neurological disease	  177,030 (1.0)	  113,684 (1.2)	      878 (1.1)	    7,215 (0.5)	    2,544 (0.6)	    2,139 (0.7)	      272 (0.4)	      925 (0.4)	      828 (1.0)	      744 (0.4)	      428 (0.6)	      213 (0.2)	      924 (0.5)	      988 (0.5)	   45,248 (1.0)	

Asthma category	  2695032 (15.4)	  1699958 (17.7)	   10,956 (13.8)	  103,381 (7.7)	   49,451 (11.3)	   45,182 (14.9)	    9,327 (13.3)	   22,544 (10.1)	   14,337 (17.2)	   14,537 (7.6)	    8,776 (12.7)	    4,997 (4.7)	   26,046 (15.1)	   17,670 (8.1)	  667,870 (14.5)	

Chronic Respiratory Diseases	  730,689 (4.2)	  503,437 (5.2)	    5,487 (6.9)	   27,826 (2.1)	    7,055 (1.6)	    6,574 (2.2)	    1,086 (1.5)	    2,833 (1.3)	    2,374 (2.9)	    1,678 (0.9)	      997 (1.4)	      572 (0.5)	    2,313 (1.3)	    3,006 (1.4)	  165,451 (3.6)	

BP med in last 12 months	   32,157 (0.2)	   17,074 (0.2)	      183 (0.2)	    2,161 (0.2)	    1,254 (0.3)	      568 (0.2)	      103 (0.1)	      402 (0.2)	      505 (0.6)	      448 (0.2)	      175 (0.3)	       71 (0.1)	      293 (0.2)	      383 (0.2)	    8,537 (0.2)	

Statin in last 12 months	  2948499 (16.8)	  1838929 (19.2)	   16,932 (21.3)	  118,908 (8.8)	   77,209 (17.7)	   51,183 (16.9)	   12,827 (18.3)	   29,843 (13.3)	   14,848 (17.8)	   13,976 (7.3)	    5,751 (8.4)	    4,860 (4.6)	   12,829 (7.4)	   19,325 (8.8)	  731,079 (15.9)	

Insulin in last 12 months	  261,047 (1.5)	  155,805 (1.6)	      940 (1.2)	   11,264 (0.8)	    7,718 (1.8)	    7,029 (2.3)	    1,637 (2.3)	    2,826 (1.3)	    2,459 (3.0)	    2,382 (1.2)	      966 (1.4)	      390 (0.4)	    1,931 (1.1)	    1,962 (0.9)	   63,738 (1.4)	

