Table 1: Demographic and Clinical Characteristics
	Total	White	South Asian	Black	Mixed	Other	Unknown

1	 1.75e+07 (100.0)	 1.10e+07 (100.0)	  1033139 (100.0)	  344,293 (100.0)	  172,310 (100.0)	  324,576 (100.0)	  4603658 (100.0)	

Age (years)
Mean (SD)	49.7 (18.7)	51.3 (18.3)	42.9 (15.4)	43.8 (15.5)	40.0 (14.9)	40.2 (15.0)	48.9 (20.2)	
Median (IQR)	49.0 (34.0-64.0)	51.0 (36.0-65.0)	40.0 (32.0-52.0)	43.0 (32.0-54.0)	38.0 (28.0-49.0)	38.0 (28.0-49.0)	49.0 (31.0-64.0)	

Grouped age
1	  2999748 (17.1)	  1535563 (13.9)	  199,744 (19.3)	   69,040 (20.1)	   48,445 (28.1)	   90,447 (27.9)	  1056509 (22.9)	
2	  3013553 (17.2)	  1852145 (16.8)	  289,784 (28.0)	   75,415 (21.9)	   45,785 (26.6)	   86,713 (26.7)	  663,711 (14.4)	
3	  2887454 (16.5)	  1819220 (16.5)	  243,477 (23.6)	   82,471 (24.0)	   35,223 (20.4)	   68,883 (21.2)	  638,180 (13.9)	
4	  3083245 (17.6)	  2038124 (18.5)	  137,193 (13.3)	   67,213 (19.5)	   24,392 (14.2)	   39,989 (12.3)	  776,334 (16.9)	
5	  2417806 (13.8)	  1658188 (15.0)	   93,764 (9.1)	   28,170 (8.2)	   10,960 (6.4)	   22,588 (7.0)	  604,136 (13.1)	
6	  1958842 (11.2)	  1386924 (12.6)	   44,662 (4.3)	   12,610 (3.7)	    4,983 (2.9)	   10,913 (3.4)	  498,750 (10.8)	
7	  1142409 (6.5)	  734,917 (6.7)	   24,515 (2.4)	    9,374 (2.7)	    2,522 (1.5)	    5,043 (1.6)	  366,038 (8.0)	

Male
0	  8769190 (50.1)	  5740973 (52.1)	  494,874 (47.9)	  171,749 (49.9)	   88,682 (51.5)	  160,014 (49.3)	  2112898 (45.9)	
1	  8733867 (49.9)	  5284108 (47.9)	  538,265 (52.1)	  172,544 (50.1)	   83,628 (48.5)	  164,562 (50.7)	  2490760 (54.1)	

Number of GP consultations in the 12 months prior to baseline
Mean (SD)	5.9 (8.5)	6.4 (9.0)	6.0 (8.6)	5.4 (8.1)	5.2 (8.4)	3.8 (7.1)	4.8 (7.1)	
Median (IQR)	3.0 (1.0-8.0)	4.0 (1.0-8.0)	3.0 (0.0-8.0)	3.0 (0.0-8.0)	2.0 (0.0-7.0)	1.0 (0.0-5.0)	2.0 (0.0-7.0)	

Index of Multiple Deprivation (IMD)
1	  3511230 (20.1)	  2304745 (20.9)	   88,264 (8.5)	   22,797 (6.6)	   22,310 (12.9)	   43,281 (13.3)	  1029833 (22.4)	
2	  3497284 (20.0)	  2302348 (20.9)	  114,732 (11.1)	   34,694 (10.1)	   27,284 (15.8)	   54,697 (16.9)	  963,529 (20.9)	
3	  3503769 (20.0)	  2231699 (20.2)	  189,568 (18.3)	   54,868 (15.9)	   32,301 (18.7)	   60,963 (18.8)	  934,370 (20.3)	
4	  3497684 (20.0)	  2124187 (19.3)	  295,226 (28.6)	   90,952 (26.4)	   40,562 (23.5)	   79,714 (24.6)	  867,043 (18.8)	
5	  3349864 (19.1)	  1964845 (17.8)	  336,965 (32.6)	  137,595 (40.0)	   48,015 (27.9)	   82,360 (25.4)	  780,084 (16.9)	

Number of people in household
1	  7614823 (43.5)	  5226398 (47.4)	  212,630 (20.6)	  119,448 (34.7)	   63,275 (36.7)	  120,575 (37.1)	  1872497 (40.7)	
2	  6223399 (35.6)	  3800155 (34.5)	  435,146 (42.1)	  137,009 (39.8)	   70,289 (40.8)	  118,821 (36.6)	  1661979 (36.1)	
3	  1002920 (5.7)	  450,784 (4.1)	  221,823 (21.5)	   50,844 (14.8)	   18,246 (10.6)	   39,995 (12.3)	  221,228 (4.8)	
4	  222,517 (1.3)	  112,695 (1.0)	   41,484 (4.0)	    6,864 (2.0)	    3,620 (2.1)	   14,557 (4.5)	   43,297 (0.9)	
.	        0 (0.0)	        0 (0.0)	        0 (0.0)	        0 (0.0)	        0 (0.0)	        0 (0.0)	        0 (0.0)	

Care home y/n
0	 1.74e+07 (99.6)	 1.10e+07 (99.5)	  1032517 (99.9)	  343,719 (99.8)	  172,077 (99.9)	  324,186 (99.9)	  4582649 (99.5)	
1	   78,336 (0.4)	   55,508 (0.5)	      622 (0.1)	      574 (0.2)	      233 (0.1)	      390 (0.1)	   21,009 (0.5)	
.	        0 (0.0)	        0 (0.0)	        0 (0.0)	        0 (0.0)	        0 (0.0)	        0 (0.0)	        0 (0.0)	

Smoking status (missing set to non)
1	  8763428 (50.1)	  4953060 (44.9)	  756,892 (73.3)	  235,440 (68.4)	   97,498 (56.6)	  211,052 (65.0)	  2509486 (54.5)	
2	  5765354 (32.9)	  4098143 (37.2)	  160,476 (15.5)	   63,936 (18.6)	   40,278 (23.4)	   59,516 (18.3)	  1343005 (29.2)	
3	  2974275 (17.0)	  1973878 (17.9)	  115,771 (11.2)	   44,917 (13.0)	   34,534 (20.0)	   54,008 (16.6)	  751,167 (16.3)	

Body Mass Index (BMI, kg/m2)
Mean (SD)	27.4 (5.7)	27.4 (5.7)	26.5 (5.1)	28.0 (5.7)	26.8 (5.7)	25.2 (5.1)	27.7 (5.9)	
Median (IQR)	26.6 (23.4-30.5)	26.6 (23.4-30.5)	26.0 (23.0-29.4)	27.3 (24.0-31.2)	25.8 (22.7-29.8)	24.4 (21.5-28.0)	26.9 (23.4-31.0)	

Obesity with SA categories
1	 1.36e+07 (77.6)	  8413646 (76.3)	  717,782 (69.5)	  256,864 (74.6)	  139,374 (80.9)	  285,095 (87.8)	  3768081 (81.8)	
2	  2484648 (14.2)	  1651862 (15.0)	  214,448 (20.8)	   55,466 (16.1)	   20,900 (12.1)	   27,475 (8.5)	  514,497 (11.2)	
3	  958,960 (5.5)	  638,160 (5.8)	   71,920 (7.0)	   21,586 (6.3)	    7,921 (4.6)	    8,469 (2.6)	  210,904 (4.6)	
4	  478,607 (2.7)	  321,413 (2.9)	   28,989 (2.8)	   10,377 (3.0)	    4,115 (2.4)	    3,537 (1.1)	  110,176 (2.4)	

HbA1c %
Mean (SD)	5.9 (1.0)	5.8 (1.0)	6.1 (1.2)	6.0 (1.2)	5.9 (1.1)	5.8 (1.0)	5.9 (1.0)	
Median (IQR)	5.6 (5.4-6.0)	5.6 (5.4-6.0)	5.8 (5.4-6.3)	5.7 (5.4-6.2)	5.6 (5.4-6.0)	5.6 (5.4-6.0)	5.6 (5.4-6.1)	

HbA1c mmo/mol
Mean (SD)	41.0 (93.6)	40.4 (63.1)	44.3 (217.4)	42.7 (138.2)	40.5 (12.0)	40.2 (10.7)	41.4 (105.0)	
Median (IQR)	38.0 (35.0-42.0)	38.0 (35.0-42.0)	40.0 (36.0-45.0)	39.0 (36.0-44.0)	38.0 (35.0-42.0)	38.0 (35.0-42.0)	38.0 (35.0-43.0)	

Diabetes Type
0	 1.58e+07 (90.1)	  9977929 (90.5)	  841,195 (81.4)	  295,185 (85.7)	  157,580 (91.5)	  298,702 (92.0)	  4200877 (91.3)	
1	   89,610 (0.5)	   60,901 (0.6)	    2,533 (0.2)	    1,377 (0.4)	      648 (0.4)	      650 (0.2)	   23,501 (0.5)	
2	  1255062 (7.2)	  761,931 (6.9)	  136,539 (13.2)	   31,914 (9.3)	    9,713 (5.6)	   15,698 (4.8)	  299,267 (6.5)	
3	  386,917 (2.2)	  224,320 (2.0)	   52,872 (5.1)	   15,817 (4.6)	    4,369 (2.5)	    9,526 (2.9)	   80,013 (1.7)	

Diabetes type (Exeter definition)
0	 1.62e+07 (92.4)	 1.02e+07 (92.6)	  895,837 (86.7)	  311,440 (90.5)	  162,102 (94.1)	  308,525 (95.1)	  4285104 (93.1)	
1	   78,102 (0.4)	   53,128 (0.5)	    2,208 (0.2)	    1,068 (0.3)	      560 (0.3)	      536 (0.2)	   20,602 (0.4)	
2	  1253178 (7.2)	  763,184 (6.9)	  135,094 (13.1)	   31,785 (9.2)	    9,648 (5.6)	   15,515 (4.8)	  297,952 (6.5)	

Systolic BP
Mean (SD)	87.4 (122.8)	92.9 (146.5)	81.0 (60.9)	83.5 (61.7)	74.8 (61.8)	61.6 (62.2)	78.1 (64.9)	
Median (IQR)	119.0 (0.0-133.0)	120.0 (0.0-134.0)	112.0 (0.0-128.0)	116.0 (0.0-131.0)	110.0 (0.0-127.0)	90.0 (0.0-122.0)	114.0 (0.0-132.0)	

Diastolic BP
Mean (SD)	52.3 (36.8)	55.5 (35.6)	50.0 (37.2)	51.2 (38.0)	46.2 (38.3)	38.1 (38.5)	46.4 (38.3)	
Median (IQR)	70.0 (0.0-80.0)	71.0 (0.0-80.0)	70.0 (0.0-80.0)	70.0 (0.0-80.0)	68.0 (0.0-79.0)	50.0 (0.0-76.0)	68.0 (0.0-80.0)	

Mean Arterial Pressure
Mean (SD)	64.0 (57.0)	68.0 (62.0)	60.4 (44.8)	62.0 (45.7)	55.7 (45.9)	45.9 (46.3)	57.0 (46.8)	
Median (IQR)	87.3 (0.0-97.0)	89.3 (0.0-97.7)	85.0 (0.0-95.0)	86.7 (0.0-97.0)	82.7 (0.0-94.3)	66.7 (0.0-91.3)	84.7 (0.0-96.3)	



Count of co-morbid conditions
Mean (SD)	0.6 (0.9)	0.7 (0.9)	0.4 (0.8)	0.5 (0.8)	0.4 (0.7)	0.3 (0.6)	0.6 (0.9)	
Median (IQR)	0.0 (0.0-1.0)	0.0 (0.0-1.0)	0.0 (0.0-1.0)	0.0 (0.0-1.0)	0.0 (0.0-1.0)	0.0 (0.0-0.0)	0.0 (0.0-1.0)	

Diagnosed hypertension	  3766763 (21.5)	  2482418 (22.5)	  174,180 (16.9)	   70,090 (20.4)	   20,915 (12.1)	   32,023 (9.9)	  987,137 (21.4)	

Chronic Cardiac Diseases	  1218794 (7.0)	  822,141 (7.5)	   54,121 (5.2)	   11,204 (3.3)	    4,797 (2.8)	    8,245 (2.5)	  318,286 (6.9)	

Stroke	  386,076 (2.2)	  262,310 (2.4)	   12,561 (1.2)	    4,476 (1.3)	    1,536 (0.9)	    2,234 (0.7)	  102,959 (2.2)	

CKD defined by egfr<60	  1012186 (5.8)	  671,010 (6.1)	   28,195 (2.7)	   15,195 (4.4)	    3,839 (2.2)	    4,892 (1.5)	  289,055 (6.3)	

end stage renal failure	   25,565 (0.1)	   14,770 (0.1)	    2,407 (0.2)	      881 (0.3)	      220 (0.1)	      356 (0.1)	    6,931 (0.2)	

Cancer	  993,530 (5.7)	  694,933 (6.3)	   19,959 (1.9)	    9,297 (2.7)	    3,755 (2.2)	    6,686 (2.1)	  258,900 (5.6)	

Autoimmune disease	  900,974 (5.1)	  623,365 (5.7)	   37,539 (3.6)	    6,960 (2.0)	    5,042 (2.9)	    7,568 (2.3)	  220,500 (4.8)	

Immunosuppressed (perm or temp)	   94,141 (0.5)	   54,840 (0.5)	    4,624 (0.4)	   10,176 (3.0)	    2,146 (1.2)	    1,440 (0.4)	   20,915 (0.5)	

Chronic liver disease	  106,034 (0.6)	   70,811 (0.6)	    5,712 (0.6)	    3,069 (0.9)	      906 (0.5)	    2,462 (0.8)	   23,074 (0.5)	

Dementia	   45,090 (0.3)	   30,686 (0.3)	    1,256 (0.1)	      597 (0.2)	      126 (0.1)	      234 (0.1)	   12,191 (0.3)	

Neurological disease	  177,030 (1.0)	  121,777 (1.1)	    5,880 (0.6)	    2,000 (0.6)	      924 (0.5)	    1,201 (0.4)	   45,248 (1.0)	

Asthma category	  2695032 (15.4)	  1814295 (16.5)	  126,504 (12.2)	   37,650 (10.9)	   26,046 (15.1)	   22,667 (7.0)	  667,870 (14.5)	

Chronic Respiratory Diseases	  730,689 (4.2)	  536,750 (4.9)	   17,548 (1.7)	    5,049 (1.5)	    2,313 (1.3)	    3,578 (1.1)	  165,451 (3.6)	

BP med in last 12 months	   32,157 (0.2)	   19,418 (0.2)	    2,327 (0.2)	    1,128 (0.3)	      293 (0.2)	      454 (0.1)	    8,537 (0.2)	

Statin in last 12 months	  2948499 (16.8)	  1974769 (17.9)	  171,062 (16.6)	   34,575 (10.0)	   12,829 (7.4)	   24,185 (7.5)	  731,079 (15.9)	

Insulin in last 12 months	  261,047 (1.5)	  168,009 (1.5)	   19,210 (1.9)	    5,807 (1.7)	    1,931 (1.1)	    2,352 (0.7)	   63,738 (1.4)	

