Table 1: Demographic and Clinical Characteristics
	Total	British	Irish	Other White	White + Caribbean	White + African	White + Asian	Other mixed	Indian	Pakistani	Bangladeshi	Other Asian	Caribbean	African	Other Black	Chinese	Other	Unknown

1	 1.73e+07 (100.0)	  9461409 (100.0)	   78,170 (100.0)	  1338399 (100.0)	   39,208 (100.0)	   33,194 (100.0)	   34,264 (100.0)	   63,818 (100.0)	  431,814 (100.0)	  301,496 (100.0)	   69,959 (100.0)	  222,050 (100.0)	   82,561 (100.0)	  190,164 (100.0)	   68,187 (100.0)	  103,892 (100.0)	  216,896 (100.0)	  4553051 (100.0)	

Age (years)
Mean (SD)	49.6 (18.6)	52.3 (18.2)	53.7 (18.5)	42.9 (15.7)	40.8 (16.2)	40.9 (14.1)	39.3 (14.7)	39.4 (14.4)	44.9 (15.9)	41.4 (15.2)	39.9 (14.0)	42.3 (14.8)	50.8 (17.8)	41.2 (13.7)	42.4 (14.8)	37.7 (15.2)	41.4 (14.7)	48.8 (20.0)	
Median (IQR)	49.0 (34.0-64.0)	53.0 (38.0-67.0)	53.0 (38.0-69.0)	39.0 (31.0-52.0)	37.0 (28.0-52.0)	40.0 (30.0-50.0)	37.0 (28.0-48.0)	37.0 (28.0-48.0)	42.0 (33.0-55.0)	39.0 (30.0-50.0)	38.0 (30.0-47.0)	40.0 (31.0-51.0)	51.0 (37.0-62.0)	41.0 (31.0-50.0)	42.0 (31.0-53.0)	33.0 (25.0-47.0)	39.0 (31.0-50.0)	49.0 (31.0-64.0)	

Male
0	  8638780 (50.0)	  4929634 (52.1)	   39,401 (50.4)	  681,461 (50.9)	   21,204 (54.1)	   16,468 (49.6)	   17,554 (51.2)	   32,452 (50.9)	  203,092 (47.0)	  145,011 (48.1)	   32,808 (46.9)	  109,730 (49.4)	   43,219 (52.3)	   92,578 (48.7)	   34,035 (49.9)	   54,265 (52.2)	  103,567 (47.7)	  2082301 (45.7)	
1	  8649752 (50.0)	  4531775 (47.9)	   38,769 (49.6)	  656,938 (49.1)	   18,004 (45.9)	   16,726 (50.4)	   16,710 (48.8)	   31,366 (49.1)	  228,722 (53.0)	  156,485 (51.9)	   37,151 (53.1)	  112,320 (50.6)	   39,342 (47.7)	   97,586 (51.3)	   34,152 (50.1)	   49,627 (47.8)	  113,329 (52.3)	  2470750 (54.3)	

Index of Multiple Deprivation (IMD)
1	  3495006 (20.2)	  2110205 (22.3)	   14,498 (18.5)	  170,259 (12.7)	    4,098 (10.5)	    3,538 (10.7)	    5,946 (17.4)	    8,677 (13.6)	   49,069 (11.4)	   12,084 (4.0)	    3,185 (4.6)	   23,460 (10.6)	    5,105 (6.2)	   12,549 (6.6)	    5,062 (7.4)	   19,824 (19.1)	   23,385 (10.8)	  1024062 (22.5)	
2	  3481686 (20.1)	  2036519 (21.5)	   16,707 (21.4)	  238,792 (17.8)	    5,232 (13.3)	    4,664 (14.1)	    6,501 (19.0)	   10,858 (17.0)	   58,477 (13.5)	   18,848 (6.3)	    4,989 (7.1)	   32,238 (14.5)	    8,419 (10.2)	   18,885 (9.9)	    7,342 (10.8)	   22,253 (21.4)	   32,385 (14.9)	  958,577 (21.1)	
3	  3487259 (20.2)	  1933434 (20.4)	   16,868 (21.6)	  270,218 (20.2)	    7,116 (18.1)	    5,937 (17.9)	    6,741 (19.7)	   12,462 (19.5)	   95,147 (22.0)	   36,448 (12.1)	   10,268 (14.7)	   47,622 (21.4)	   14,281 (17.3)	   29,733 (15.6)	   10,717 (15.7)	   21,610 (20.8)	   39,233 (18.1)	  929,424 (20.4)	
4	  3482514 (20.1)	  1763848 (18.6)	   16,474 (21.1)	  333,060 (24.9)	    9,482 (24.2)	    8,142 (24.5)	    7,366 (21.5)	   15,553 (24.4)	  141,970 (32.9)	   73,056 (24.2)	   18,320 (26.2)	   61,927 (27.9)	   21,751 (26.3)	   50,786 (26.7)	   18,426 (27.0)	   24,182 (23.3)	   55,479 (25.6)	  862,692 (18.9)	
5	  3342067 (19.3)	  1617403 (17.1)	   13,623 (17.4)	  326,070 (24.4)	   13,280 (33.9)	   10,913 (32.9)	    7,710 (22.5)	   16,268 (25.5)	   87,151 (20.2)	  161,060 (53.4)	   33,197 (47.5)	   56,803 (25.6)	   33,005 (40.0)	   78,211 (41.1)	   26,640 (39.1)	   16,023 (15.4)	   66,414 (30.6)	  778,296 (17.1)	

# people in household
Mean (SD)	4.3 (45.2)	3.1 (25.6)	4.8 (44.7)	11.2 (116.4)	4.1 (30.9)	6.3 (50.3)	13.8 (97.0)	7.2 (59.2)	6.2 (44.4)	5.0 (22.7)	5.2 (26.5)	8.7 (66.3)	3.1 (19.6)	5.5 (37.0)	4.2 (25.0)	34.0 (164.1)	7.2 (60.3)	3.3 (29.7)	
Median (IQR)	2.0 (1.0-4.0)	2.0 (1.0-3.0)	2.0 (1.0-3.0)	3.0 (1.0-4.0)	2.0 (1.0-4.0)	3.0 (1.0-5.0)	3.0 (1.0-4.0)	3.0 (1.0-4.0)	4.0 (2.0-5.0)	4.0 (2.0-6.0)	4.0 (2.0-6.0)	3.0 (2.0-5.0)	2.0 (1.0-4.0)	3.0 (2.0-5.0)	3.0 (1.0-5.0)	2.0 (1.0-4.0)	3.0 (1.0-5.0)	2.0 (1.0-3.0)	

Number of people in household
1	  7533408 (43.6)	  4640170 (49.0)	   40,771 (52.2)	  488,759 (36.5)	   15,990 (40.8)	   10,726 (32.3)	   11,902 (34.7)	   23,799 (37.3)	   97,231 (22.5)	   42,428 (14.1)	    9,345 (13.4)	   60,595 (27.3)	   38,377 (46.5)	   56,075 (29.5)	   23,712 (34.8)	   45,953 (44.2)	   72,641 (33.5)	  1854934 (40.7)	
2	  6166295 (35.7)	  3218856 (34.0)	   23,852 (30.5)	  519,471 (38.8)	   16,297 (41.6)	   13,849 (41.7)	   14,185 (41.4)	   25,233 (39.5)	  195,776 (45.3)	  113,234 (37.6)	   29,054 (41.5)	   92,868 (41.8)	   30,397 (36.8)	   78,979 (41.5)	   26,167 (38.4)	   32,700 (31.5)	   84,887 (39.1)	  1650490 (36.3)	
3	  992,375 (5.7)	  291,873 (3.1)	    3,784 (4.8)	  148,123 (11.1)	    2,813 (7.2)	    4,623 (13.9)	    3,560 (10.4)	    7,187 (11.3)	   73,063 (16.9)	   89,761 (29.8)	   20,303 (29.0)	   38,185 (17.2)	    5,477 (6.6)	   34,666 (18.2)	   10,535 (15.5)	    8,602 (8.3)	   31,239 (14.4)	  218,581 (4.8)	
4	  169,045 (1.0)	   36,896 (0.4)	    1,066 (1.4)	   37,094 (2.8)	      356 (0.9)	      618 (1.9)	      980 (2.9)	    1,521 (2.4)	   19,068 (4.4)	   11,539 (3.8)	    2,109 (3.0)	    8,323 (3.7)	      567 (0.7)	    4,570 (2.4)	    1,349 (2.0)	    7,498 (7.2)	    6,730 (3.1)	   28,761 (0.6)	
.	        0 (0.0)	        0 (0.0)	        0 (0.0)	        0 (0.0)	        0 (0.0)	        0 (0.0)	        0 (0.0)	        0 (0.0)	        0 (0.0)	        0 (0.0)	        0 (0.0)	        0 (0.0)	        0 (0.0)	        0 (0.0)	        0 (0.0)	        0 (0.0)	        0 (0.0)	        0 (0.0)	
.	        0 (0.0)	        0 (0.0)	        0 (0.0)	        0 (0.0)	        0 (0.0)	        0 (0.0)	        0 (0.0)	        0 (0.0)	        0 (0.0)	        0 (0.0)	        0 (0.0)	        0 (0.0)	        0 (0.0)	        0 (0.0)	        0 (0.0)	        0 (0.0)	        0 (0.0)	        0 (0.0)	
.	        0 (0.0)	        0 (0.0)	        0 (0.0)	        0 (0.0)	        0 (0.0)	        0 (0.0)	        0 (0.0)	        0 (0.0)	        0 (0.0)	        0 (0.0)	        0 (0.0)	        0 (0.0)	        0 (0.0)	        0 (0.0)	        0 (0.0)	        0 (0.0)	        0 (0.0)	        0 (0.0)	
.	        0 (0.0)	        0 (0.0)	        0 (0.0)	        0 (0.0)	        0 (0.0)	        0 (0.0)	        0 (0.0)	        0 (0.0)	        0 (0.0)	        0 (0.0)	        0 (0.0)	        0 (0.0)	        0 (0.0)	        0 (0.0)	        0 (0.0)	        0 (0.0)	        0 (0.0)	        0 (0.0)	
9	  2427409 (14.0)	  1273614 (13.5)	    8,697 (11.1)	  144,952 (10.8)	    3,752 (9.6)	    3,378 (10.2)	    3,637 (10.6)	    6,078 (9.5)	   46,676 (10.8)	   44,534 (14.8)	    9,148 (13.1)	   22,079 (9.9)	    7,743 (9.4)	   15,874 (8.3)	    6,424 (9.4)	    9,139 (8.8)	   21,399 (9.9)	  800,285 (17.6)	
.	        0 (0.0)	        0 (0.0)	        0 (0.0)	        0 (0.0)	        0 (0.0)	        0 (0.0)	        0 (0.0)	        0 (0.0)	        0 (0.0)	        0 (0.0)	        0 (0.0)	        0 (0.0)	        0 (0.0)	        0 (0.0)	        0 (0.0)	        0 (0.0)	        0 (0.0)	        0 (0.0)	

Number of GP consultations in the 12 months prior to baseline
Mean (SD)	5.9 (8.4)	6.7 (9.1)	6.4 (9.6)	4.0 (7.1)	6.2 (9.1)	5.0 (7.9)	5.0 (8.2)	4.7 (8.3)	5.8 (8.3)	6.9 (9.5)	6.5 (8.5)	5.1 (7.9)	6.5 (8.6)	4.9 (7.7)	5.5 (8.7)	2.2 (4.9)	4.6 (7.9)	4.8 (7.0)	
Median (IQR)	3.0 (0.0-8.0)	4.0 (1.0-9.0)	4.0 (0.0-9.0)	1.0 (0.0-5.0)	3.0 (0.0-8.0)	2.0 (0.0-7.0)	2.0 (0.0-7.0)	2.0 (0.0-6.0)	3.0 (0.0-8.0)	4.0 (1.0-10.0)	4.0 (1.0-9.0)	2.0 (0.0-7.0)	4.0 (1.0-9.0)	2.0 (0.0-7.0)	3.0 (0.0-7.0)	0.0 (0.0-2.0)	2.0 (0.0-6.0)	2.0 (0.0-7.0)	

Smoking status (missing set to non)
1	  8653213 (50.1)	  4225276 (44.7)	   32,469 (41.5)	  625,154 (46.7)	   18,438 (47.0)	   22,133 (66.7)	   20,818 (60.8)	   34,974 (54.8)	  336,178 (77.9)	  210,718 (69.9)	   46,360 (66.3)	  157,778 (71.1)	   43,734 (53.0)	  145,279 (76.4)	   43,971 (64.5)	   82,208 (79.1)	  126,242 (58.2)	  2481483 (54.5)	
2	  5683564 (32.9)	  3626312 (38.3)	   31,244 (40.0)	  379,917 (28.4)	   10,452 (26.7)	    6,370 (19.2)	    7,699 (22.5)	   15,277 (23.9)	   61,875 (14.3)	   47,230 (15.7)	   12,307 (17.6)	   37,691 (17.0)	   22,272 (27.0)	   27,751 (14.6)	   13,267 (19.5)	   12,435 (12.0)	   46,333 (21.4)	  1325132 (29.1)	
3	  2951755 (17.1)	  1609821 (17.0)	   14,457 (18.5)	  333,328 (24.9)	   10,318 (26.3)	    4,691 (14.1)	    5,747 (16.8)	   13,567 (21.3)	   33,761 (7.8)	   43,548 (14.4)	   11,292 (16.1)	   26,581 (12.0)	   16,555 (20.1)	   17,134 (9.0)	   10,949 (16.1)	    9,249 (8.9)	   44,321 (20.4)	  746,436 (16.4)	

Body Mass Index (BMI, kg/m2)
Mean (SD)	27.4 (5.7)	27.6 (5.7)	26.9 (5.3)	26.2 (5.4)	27.6 (6.0)	27.7 (5.7)	25.7 (5.3)	26.3 (5.5)	26.3 (4.9)	27.5 (5.6)	26.2 (4.7)	25.9 (4.9)	28.4 (5.9)	27.9 (5.6)	27.9 (5.8)	22.9 (3.9)	26.3 (5.2)	27.7 (5.9)	
Median (IQR)	26.6 (23.4-30.5)	26.8 (23.6-30.7)	26.2 (23.2-29.8)	25.3 (22.3-29.1)	26.7 (23.3-31.0)	27.0 (23.7-30.9)	24.8 (22.0-28.4)	25.3 (22.3-29.3)	25.7 (22.9-29.0)	26.9 (23.7-30.7)	25.7 (23.1-28.7)	25.4 (22.5-28.7)	27.6 (24.3-31.7)	27.2 (23.9-31.1)	27.2 (23.8-31.1)	22.3 (20.1-24.9)	25.6 (22.6-29.2)	26.9 (23.5-31.0)	

BMI with SA categories
1	  294,735 (1.7)	  149,373 (1.6)	    1,457 (1.9)	   29,216 (2.2)	      716 (1.8)	      502 (1.5)	    1,058 (3.1)	    1,524 (2.4)	   11,013 (2.6)	    7,392 (2.5)	    1,638 (2.3)	    6,081 (2.7)	      971 (1.2)	    2,953 (1.6)	    1,088 (1.6)	    7,313 (7.0)	    4,531 (2.1)	   67,909 (1.5)	
2	  4571011 (26.4)	  2739955 (29.0)	   25,222 (32.3)	  468,899 (35.0)	   11,191 (28.5)	    8,393 (25.3)	   12,751 (37.2)	   21,333 (33.4)	   77,106 (17.9)	   42,148 (14.0)	   11,726 (16.8)	   45,190 (20.4)	   19,632 (23.8)	   44,834 (23.6)	   16,770 (24.6)	   51,305 (49.4)	   68,911 (31.8)	  905,645 (19.9)	
3	  4666217 (27.0)	  2857872 (30.2)	   24,039 (30.8)	  336,958 (25.2)	   10,301 (26.3)	    8,952 (27.0)	    8,310 (24.3)	   15,338 (24.0)	  139,189 (32.2)	   82,589 (27.4)	   23,219 (33.2)	   68,481 (30.8)	   25,188 (30.5)	   52,978 (27.9)	   19,104 (28.0)	   15,321 (14.7)	   56,142 (25.9)	  922,236 (20.3)	
4	  2457922 (14.2)	  1474187 (15.6)	   11,174 (14.3)	  147,669 (11.0)	    5,658 (14.4)	    4,876 (14.7)	    3,287 (9.6)	    6,841 (10.7)	   87,089 (20.2)	   70,216 (23.3)	   13,657 (19.5)	   41,846 (18.8)	   14,471 (17.5)	   29,867 (15.7)	   10,571 (15.5)	    2,966 (2.9)	   24,262 (11.2)	  509,285 (11.2)	
5	  949,367 (5.5)	  575,733 (6.1)	    3,710 (4.7)	   51,830 (3.9)	    2,381 (6.1)	    1,895 (5.7)	    1,087 (3.2)	    2,462 (3.9)	   26,631 (6.2)	   28,633 (9.5)	    3,853 (5.5)	   12,311 (5.5)	    5,978 (7.2)	   11,272 (5.9)	    4,133 (6.1)	      630 (0.6)	    7,725 (3.6)	  209,103 (4.6)	
6	  474,090 (2.7)	  292,410 (3.1)	    1,667 (2.1)	   24,122 (1.8)	    1,379 (3.5)	      908 (2.7)	      522 (1.5)	    1,267 (2.0)	   10,218 (2.4)	   12,849 (4.3)	    1,331 (1.9)	    4,414 (2.0)	    3,253 (3.9)	    4,959 (2.6)	    2,070 (3.0)	      272 (0.3)	    3,233 (1.5)	  109,216 (2.4)	
7	  3875190 (22.4)	  1371879 (14.5)	   10,901 (13.9)	  279,705 (20.9)	    7,582 (19.3)	    7,668 (23.1)	    7,249 (21.2)	   15,053 (23.6)	   80,568 (18.7)	   57,669 (19.1)	   14,535 (20.8)	   43,727 (19.7)	   13,068 (15.8)	   43,301 (22.8)	   14,451 (21.2)	   26,085 (25.1)	   52,092 (24.0)	  1829657 (40.2)	

HbA1c %
Mean (SD)	5.9 (1.0)	5.9 (1.0)	5.8 (0.9)	5.7 (0.9)	5.9 (1.1)	5.9 (1.1)	5.9 (1.0)	5.8 (1.0)	6.1 (1.1)	6.2 (1.3)	6.3 (1.3)	6.0 (1.1)	6.2 (1.3)	6.0 (1.2)	5.9 (1.2)	5.9 (0.8)	5.8 (1.0)	5.9 (1.0)	
Median (IQR)	5.6 (5.4-6.0)	5.6 (5.4-6.0)	5.6 (5.4-5.9)	5.5 (5.3-5.9)	5.6 (5.4-6.1)	5.6 (5.4-6.0)	5.6 (5.4-6.0)	5.6 (5.3-5.9)	5.8 (5.4-6.3)	5.8 (5.4-6.4)	5.9 (5.5-6.5)	5.7 (5.4-6.2)	5.9 (5.5-6.4)	5.7 (5.4-6.1)	5.7 (5.4-6.1)	5.7 (5.4-6.0)	5.6 (5.4-6.0)	5.6 (5.4-6.1)	

HbA1c mmo/mol
Mean (SD)	41.0 (92.7)	40.5 (60.8)	39.9 (9.8)	39.4 (78.0)	41.0 (12.5)	40.9 (13.1)	40.4 (11.4)	40.0 (11.3)	43.1 (12.4)	45.0 (235.8)	54.3 (660.8)	42.7 (106.3)	43.8 (13.9)	42.1 (136.8)	42.8 (222.4)	40.5 (9.3)	40.2 (11.1)	41.4 (101.9)	
Median (IQR)	38.0 (35.0-42.0)	38.0 (35.0-42.0)	38.0 (35.0-41.0)	37.0 (34.0-41.0)	38.0 (35.0-43.0)	38.0 (35.0-42.0)	38.0 (35.0-42.0)	38.0 (34.0-41.0)	40.0 (36.0-45.0)	40.0 (36.0-46.0)	41.0 (37.0-48.0)	39.0 (36.0-44.0)	41.0 (37.0-46.0)	39.0 (35.0-43.0)	39.0 (35.0-43.0)	39.0 (36.0-42.0)	38.0 (35.0-42.0)	38.0 (35.0-43.0)	

HbA1c category
0	  6706373 (38.8)	  4112222 (43.5)	   34,093 (43.6)	  400,347 (29.9)	   13,462 (34.3)	   10,780 (32.5)	   10,946 (31.9)	   19,540 (30.6)	  186,388 (43.2)	  128,630 (42.7)	   25,470 (36.4)	   83,733 (37.7)	   35,708 (43.3)	   65,250 (34.3)	   26,176 (38.4)	   19,264 (18.5)	   73,288 (33.8)	  1461076 (32.1)	
1	  582,059 (3.4)	  323,922 (3.4)	    2,473 (3.2)	   23,842 (1.8)	    1,262 (3.2)	      948 (2.9)	      888 (2.6)	    1,402 (2.2)	   28,893 (6.7)	   19,513 (6.5)	    5,049 (7.2)	   10,930 (4.9)	    6,031 (7.3)	    6,775 (3.6)	    2,488 (3.6)	    1,928 (1.9)	    5,752 (2.7)	  139,963 (3.1)	
2	  155,580 (0.9)	   87,173 (0.9)	      656 (0.8)	    6,329 (0.5)	      316 (0.8)	      217 (0.7)	      230 (0.7)	      381 (0.6)	    7,323 (1.7)	    5,597 (1.9)	    1,426 (2.0)	    2,771 (1.2)	    1,318 (1.6)	    1,493 (0.8)	      565 (0.8)	      412 (0.4)	    1,413 (0.7)	   37,960 (0.8)	
3	  168,963 (1.0)	   95,448 (1.0)	      642 (0.8)	    6,972 (0.5)	      332 (0.8)	      240 (0.7)	      270 (0.8)	      384 (0.6)	    7,379 (1.7)	    6,478 (2.1)	    1,582 (2.3)	    2,873 (1.3)	    1,349 (1.6)	    1,643 (0.9)	      566 (0.8)	      357 (0.3)	    1,608 (0.7)	   40,840 (0.9)	
4	  190,305 (1.1)	  106,939 (1.1)	      623 (0.8)	    8,348 (0.6)	      464 (1.2)	      352 (1.1)	      332 (1.0)	      538 (0.8)	    7,778 (1.8)	    8,331 (2.8)	    1,660 (2.4)	    3,291 (1.5)	    1,894 (2.3)	    2,528 (1.3)	      993 (1.5)	      289 (0.3)	    1,926 (0.9)	   44,019 (1.0)	
5	  9485252 (54.9)	  4735705 (50.1)	   39,683 (50.8)	  892,561 (66.7)	   23,372 (59.6)	   20,657 (62.2)	   21,598 (63.0)	   41,573 (65.1)	  194,053 (44.9)	  132,947 (44.1)	   34,772 (49.7)	  118,452 (53.3)	   36,261 (43.9)	  112,475 (59.1)	   37,399 (54.8)	   81,642 (78.6)	  132,909 (61.3)	  2829193 (62.1)	

Systolic BP
Mean (SD)	128.0 (15.7)	128.5 (15.4)	128.7 (15.9)	125.6 (15.6)	125.4 (15.4)	125.9 (15.5)	122.0 (15.0)	123.0 (15.2)	125.1 (15.5)	122.9 (15.2)	121.5 (15.0)	123.1 (15.1)	129.7 (16.1)	126.1 (15.9)	126.0 (16.0)	120.4 (15.6)	123.1 (15.3)	129.0 (15.9)	
Median (IQR)	128.0 (118.0-138.0)	129.0 (119.0-138.0)	129.0 (119.0-139.0)	125.0 (115.0-136.0)	125.0 (115.0-135.0)	126.0 (115.0-136.0)	121.0 (110.0-131.0)	122.0 (112.0-132.0)	125.0 (115.0-135.0)	122.0 (112.0-132.0)	120.0 (110.0-131.0)	122.0 (112.0-133.0)	130.0 (120.0-139.0)	126.0 (116.0-136.0)	126.0 (115.0-136.0)	120.0 (110.0-130.0)	122.0 (112.0-133.0)	130.0 (120.0-139.0)	

Diastolic BP
Mean (SD)	76.8 (9.9)	76.8 (9.8)	76.3 (9.9)	76.7 (10.1)	76.9 (10.2)	77.5 (10.2)	75.7 (9.9)	76.2 (10.1)	76.9 (9.7)	76.2 (9.6)	76.1 (9.8)	76.4 (9.8)	78.4 (10.3)	77.9 (10.3)	77.8 (10.4)	74.8 (10.0)	76.1 (9.9)	76.7 (10.0)	
Median (IQR)	78.0 (70.0-82.0)	78.0 (70.0-82.0)	77.0 (70.0-82.0)	78.0 (70.0-83.0)	78.0 (70.0-83.0)	78.0 (70.0-84.0)	76.0 (70.0-82.0)	77.0 (70.0-82.0)	78.0 (70.0-82.0)	77.0 (70.0-82.0)	77.0 (70.0-82.0)	77.0 (70.0-82.0)	79.0 (71.0-84.5)	78.0 (70.0-84.0)	78.0 (70.0-84.0)	75.0 (68.0-80.5)	77.0 (70.0-82.0)	78.0 (70.0-82.0)	

Blood pressure four levels non-missing
1	  2653823 (15.4)	  1497296 (15.8)	   12,377 (15.8)	  209,735 (15.7)	    7,562 (19.3)	    5,505 (16.6)	    7,296 (21.3)	   12,348 (19.3)	   79,664 (18.4)	   68,793 (22.8)	   17,455 (25.0)	   45,183 (20.3)	   12,224 (14.8)	   32,219 (16.9)	   12,343 (18.1)	   15,902 (15.3)	   41,573 (19.2)	  576,348 (12.7)	
2	  1818544 (10.5)	  1103213 (11.7)	    8,540 (10.9)	  114,007 (8.5)	    4,094 (10.4)	    2,897 (8.7)	    3,103 (9.1)	    5,619 (8.8)	   40,439 (9.4)	   31,675 (10.5)	    6,883 (9.8)	   20,294 (9.1)	    8,643 (10.5)	   17,108 (9.0)	    6,342 (9.3)	    5,315 (5.1)	   18,283 (8.4)	  422,089 (9.3)	
3	  4270604 (24.7)	  2600655 (27.5)	   19,636 (25.1)	  259,844 (19.4)	    9,003 (23.0)	    7,232 (21.8)	    6,682 (19.5)	   12,237 (19.2)	  102,809 (23.8)	   71,601 (23.7)	   16,385 (23.4)	   48,167 (21.7)	   22,684 (27.5)	   41,924 (22.0)	   15,997 (23.5)	   11,840 (11.4)	   41,618 (19.2)	  982,290 (21.6)	
4	  3010178 (17.4)	  1850569 (19.6)	   14,717 (18.8)	  160,109 (12.0)	    5,444 (13.9)	    4,389 (13.2)	    3,038 (8.9)	    6,137 (9.6)	   56,534 (13.1)	   33,732 (11.2)	    7,178 (10.3)	   22,957 (10.3)	   17,554 (21.3)	   26,445 (13.9)	   10,018 (14.7)	    5,436 (5.2)	   20,997 (9.7)	  764,924 (16.8)	
5	  5535383 (32.0)	  2409676 (25.5)	   22,900 (29.3)	  594,704 (44.4)	   13,105 (33.4)	   13,171 (39.7)	   14,145 (41.3)	   27,477 (43.1)	  152,368 (35.3)	   95,695 (31.7)	   22,058 (31.5)	   85,449 (38.5)	   21,456 (26.0)	   72,468 (38.1)	   23,487 (34.4)	   65,399 (62.9)	   94,425 (43.5)	  1807400 (39.7)	

Diabetes Type
0	 1.56e+07 (90.1)	  8519594 (90.0)	   69,613 (89.1)	  1260130 (94.2)	   35,199 (89.8)	   30,221 (91.0)	   31,483 (91.9)	   59,006 (92.5)	  347,269 (80.4)	  244,208 (81.0)	   55,340 (79.1)	  187,675 (84.5)	   64,157 (77.7)	  167,964 (88.3)	   60,135 (88.2)	   98,697 (95.0)	  196,469 (90.6)	  4156240 (91.3)	
1	   88,294 (0.5)	   54,986 (0.6)	      344 (0.4)	    4,610 (0.3)	      198 (0.5)	      120 (0.4)	      109 (0.3)	      210 (0.3)	    1,097 (0.3)	      868 (0.3)	      123 (0.2)	      420 (0.2)	      420 (0.5)	      687 (0.4)	      256 (0.4)	       79 (0.1)	      558 (0.3)	   23,209 (0.5)	
2	  1234858 (7.1)	  691,952 (7.3)	    5,165 (6.6)	   50,681 (3.8)	    2,665 (6.8)	    1,975 (5.9)	    1,943 (5.7)	    3,020 (4.7)	   58,726 (13.6)	   43,616 (14.5)	   10,975 (15.7)	   22,424 (10.1)	   12,441 (15.1)	   14,061 (7.4)	    5,088 (7.5)	    3,387 (3.3)	   12,140 (5.6)	  294,599 (6.5)	
3	  381,980 (2.2)	  194,877 (2.1)	    3,048 (3.9)	   22,978 (1.7)	    1,146 (2.9)	      878 (2.6)	      729 (2.1)	    1,582 (2.5)	   24,722 (5.7)	   12,804 (4.2)	    3,521 (5.0)	   11,531 (5.2)	    5,543 (6.7)	    7,452 (3.9)	    2,708 (4.0)	    1,729 (1.7)	    7,729 (3.6)	   79,003 (1.7)	

Count of co-morbid conditions
Mean (SD)	0.6 (0.9)	0.7 (0.9)	0.7 (1.0)	0.3 (0.7)	0.5 (0.8)	0.4 (0.7)	0.4 (0.7)	0.4 (0.7)	0.5 (0.8)	0.5 (0.8)	0.4 (0.7)	0.4 (0.7)	0.7 (0.9)	0.4 (0.7)	0.4 (0.7)	0.2 (0.5)	0.3 (0.7)	0.6 (0.9)	
Median (IQR)	0.0 (0.0-1.0)	0.0 (0.0-1.0)	0.0 (0.0-1.0)	0.0 (0.0-0.0)	0.0 (0.0-1.0)	0.0 (0.0-1.0)	0.0 (0.0-1.0)	0.0 (0.0-1.0)	0.0 (0.0-1.0)	0.0 (0.0-1.0)	0.0 (0.0-1.0)	0.0 (0.0-1.0)	0.0 (0.0-1.0)	0.0 (0.0-1.0)	0.0 (0.0-1.0)	0.0 (0.0-0.0)	0.0 (0.0-0.0)	0.0 (0.0-1.0)	

Diagnosed hypertension	  3703816 (21.4)	  2251054 (23.8)	   19,492 (24.9)	  167,025 (12.5)	    6,208 (15.8)	    4,834 (14.6)	    3,330 (9.7)	    6,340 (9.9)	   84,589 (19.6)	   45,575 (15.1)	   10,229 (14.6)	   32,844 (14.8)	   26,201 (31.7)	   31,665 (16.7)	   11,658 (17.1)	    7,213 (6.9)	   24,493 (11.3)	  971,066 (21.3)	


Chronic Cardiac Diseases	  1193155 (6.9)	  748,328 (7.9)	    6,848 (8.8)	   48,396 (3.6)	    1,320 (3.4)	      727 (2.2)	      993 (2.9)	    1,691 (2.6)	   24,785 (5.7)	   17,594 (5.8)	    3,331 (4.8)	    8,193 (3.7)	    5,173 (6.3)	    4,047 (2.1)	    1,872 (2.7)	    1,419 (1.4)	    6,717 (3.1)	  311,721 (6.8)	


Stroke	  368,707 (2.1)	  233,301 (2.5)	    2,304 (2.9)	   14,137 (1.1)	      491 (1.3)	      259 (0.8)	      274 (0.8)	      471 (0.7)	    5,760 (1.3)	    3,902 (1.3)	      797 (1.1)	    1,970 (0.9)	    2,122 (2.6)	    1,527 (0.8)	      724 (1.1)	      470 (0.5)	    1,691 (0.8)	   98,507 (2.2)	


CKD defined by egfr<60	  978,300 (5.7)	  609,546 (6.4)	    5,293 (6.8)	   32,246 (2.4)	    1,597 (4.1)	      785 (2.4)	      492 (1.4)	      913 (1.4)	   13,499 (3.1)	    8,818 (2.9)	    1,633 (2.3)	    4,029 (1.8)	    8,315 (10.1)	    4,439 (2.3)	    2,288 (3.4)	      952 (0.9)	    3,830 (1.8)	  279,625 (6.1)	


end stage renal failure	   25,348 (0.1)	   13,494 (0.1)	      109 (0.1)	    1,012 (0.1)	       73 (0.2)	       38 (0.1)	       37 (0.1)	       71 (0.1)	    1,082 (0.3)	      798 (0.3)	      137 (0.2)	      393 (0.2)	      329 (0.4)	      389 (0.2)	      160 (0.2)	       81 (0.1)	      271 (0.1)	    6,874 (0.2)	


Cancer	  979,433 (5.7)	  637,162 (6.7)	    5,682 (7.3)	   41,980 (3.1)	    1,075 (2.7)	      674 (2.0)	      665 (1.9)	    1,304 (2.0)	    9,429 (2.2)	    5,383 (1.8)	      906 (1.3)	    4,150 (1.9)	    4,452 (5.4)	    3,188 (1.7)	    1,609 (2.4)	    1,760 (1.7)	    4,880 (2.2)	  255,134 (5.6)	


Autoimmune disease	  889,832 (5.1)	  567,942 (6.0)	    5,067 (6.5)	   42,123 (3.1)	    1,260 (3.2)	      649 (2.0)	    1,172 (3.4)	    1,907 (3.0)	   16,621 (3.8)	   11,607 (3.8)	    2,689 (3.8)	    6,431 (2.9)	    2,681 (3.2)	    2,615 (1.4)	    1,616 (2.4)	    1,763 (1.7)	    5,741 (2.6)	  217,948 (4.8)	


Immunosuppressed (perm or temp)	   93,162 (0.5)	   47,659 (0.5)	      545 (0.7)	    5,939 (0.4)	      404 (1.0)	    1,051 (3.2)	      163 (0.5)	      500 (0.8)	    1,976 (0.5)	    1,354 (0.4)	      207 (0.3)	    1,065 (0.5)	    1,329 (1.6)	    7,296 (3.8)	    1,462 (2.1)	      236 (0.2)	    1,189 (0.5)	   20,787 (0.5)	


Chronic liver disease	  104,781 (0.6)	   62,097 (0.7)	      765 (1.0)	    7,039 (0.5)	      152 (0.4)	      280 (0.8)	      184 (0.5)	      278 (0.4)	    2,055 (0.5)	    2,051 (0.7)	      341 (0.5)	    1,230 (0.6)	      396 (0.5)	    2,094 (1.1)	      545 (0.8)	    1,174 (1.1)	    1,271 (0.6)	   22,829 (0.5)	


Dementia	   34,169 (0.2)	   21,303 (0.2)	      319 (0.4)	    1,233 (0.1)	       60 (0.2)	       12 (0.0)	       10 (0.0)	       24 (0.0)	      554 (0.1)	      371 (0.1)	      110 (0.2)	      164 (0.1)	      360 (0.4)	      119 (0.1)	       59 (0.1)	       40 (0.0)	      155 (0.1)	    9,276 (0.2)	


Neurological disease	  169,483 (1.0)	  108,466 (1.1)	      836 (1.1)	    6,998 (0.5)	      277 (0.7)	      121 (0.4)	      170 (0.5)	      320 (0.5)	    2,504 (0.6)	    2,119 (0.7)	      274 (0.4)	      906 (0.4)	      808 (1.0)	      728 (0.4)	      415 (0.6)	      204 (0.2)	      959 (0.4)	   43,378 (1.0)	


Asthma category	  2663321 (15.4)	  1677850 (17.7)	   10,816 (13.8)	  102,309 (7.6)	    8,502 (21.7)	    3,535 (10.6)	    5,101 (14.9)	    8,638 (13.5)	   49,090 (11.4)	   45,007 (14.9)	    9,301 (13.3)	   22,347 (10.1)	   14,241 (17.2)	   14,405 (7.6)	    8,705 (12.8)	    4,927 (4.7)	   17,479 (8.1)	  661,068 (14.5)	


Chronic Respiratory Diseases	  718,047 (4.2)	  494,413 (5.2)	    5,374 (6.9)	   27,478 (2.1)	      665 (1.7)	      328 (1.0)	      460 (1.3)	      821 (1.3)	    6,999 (1.6)	    6,546 (2.2)	    1,078 (1.5)	    2,812 (1.3)	    2,355 (2.9)	    1,662 (0.9)	      986 (1.4)	      561 (0.5)	    2,959 (1.4)	  162,550 (3.6)	


BP med in last 12 months	   31,902 (0.2)	   16,921 (0.2)	      181 (0.2)	    2,142 (0.2)	       99 (0.3)	       54 (0.2)	       48 (0.1)	       87 (0.1)	    1,250 (0.3)	      567 (0.2)	      104 (0.1)	      398 (0.2)	      504 (0.6)	      446 (0.2)	      176 (0.3)	       68 (0.1)	      379 (0.2)	    8,478 (0.2)	

Statin in last 12 months	  2909599 (16.8)	  1812419 (19.2)	   16,661 (21.3)	  117,723 (8.8)	    3,276 (8.4)	    2,259 (6.8)	    2,756 (8.0)	    4,419 (6.9)	   76,668 (17.8)	   50,985 (16.9)	   12,798 (18.3)	   29,628 (13.3)	   14,697 (17.8)	   13,858 (7.3)	    5,696 (8.4)	    4,792 (4.6)	   19,143 (8.8)	  721,821 (15.9)	

Insulin in last 12 months	  256,353 (1.5)	  152,595 (1.6)	      921 (1.2)	   11,096 (0.8)	      580 (1.5)	      407 (1.2)	      311 (0.9)	      599 (0.9)	    7,628 (1.8)	    7,003 (2.3)	    1,632 (2.3)	    2,789 (1.3)	    2,421 (2.9)	    2,352 (1.2)	      953 (1.4)	      375 (0.4)	    1,933 (0.9)	   62,758 (1.4)	

