Table 2: Association between ethnicity in 5 categories and COVID-19 outcomes - No care homes
	Denominator	Event	Total person-weeks	Rate per 1,000	Crude		Age/Sex Adjusted		Age/Sex/IMD Adjusted		plus co-morbidities		plus hh size		
					HR	95% CI	HR	95% CI	HR	95% CI	HR	95% CI	HR	95% CI		
tested
White	10877978	793181	 279691520	2.84	1.00		1.00		1.00		1.00		1.00
South Asian	1025319	82647	  26376526	3.13	1.08	(1.08 - 1.09)	1.11	(1.10 - 1.12)	1.09	(1.08 - 1.09)	1.09	(1.08 - 1.09)	1.08	(1.07 - 1.09)
Black	340912	25305	   8760848	2.89	1.04	(1.03 - 1.05)	1.08	(1.06 - 1.09)	1.04	(1.03 - 1.06)	1.08	(1.06 - 1.09)	1.08	(1.06 - 1.09)
Mixed	170484	12126	   4391857	2.76	1.00	(0.98 - 1.01)	1.03	(1.01 - 1.05)	1.01	(1.00 - 1.03)	1.04	(1.02 - 1.06)	1.04	(1.02 - 1.05)
Other	320788	15824	   8312384	1.90	0.68	(0.67 - 0.69)	0.71	(0.69 - 0.72)	0.70	(0.69 - 0.71)	0.78	(0.77 - 0.79)	0.77	(0.76 - 0.78)
Unknown	4553051	287718	 117362962	2.45	0.86	(0.86 - 0.87)	0.88	(0.88 - 0.89)	0.89	(0.88 - 0.89)	0.97	(0.97 - 0.98)	0.97	(0.97 - 0.98)
positivetest
White	10877978	41180	 284685038	0.14	1.00		1.00		1.00		1.00		1.00
South Asian	1025319	9679	  26825541	0.36	2.38	(2.32 - 2.43)	2.64	(2.57 - 2.70)	2.45	(2.39 - 2.51)	2.16	(2.10 - 2.21)	1.99	(1.94 - 2.04)
Black	340912	2286	   8920362	0.26	1.82	(1.74 - 1.90)	2.04	(1.95 - 2.13)	1.86	(1.78 - 1.94)	1.74	(1.67 - 1.82)	1.69	(1.62 - 1.77)
Mixed	170484	840	   4467626	0.19	1.37	(1.28 - 1.46)	1.59	(1.48 - 1.70)	1.52	(1.42 - 1.63)	1.51	(1.41 - 1.62)	1.49	(1.39 - 1.59)
Other	320788	1213	   8411272	0.14	1.06	(1.00 - 1.12)	1.22	(1.15 - 1.29)	1.18	(1.11 - 1.25)	1.25	(1.18 - 1.33)	1.20	(1.14 - 1.28)
Unknown	4553051	16048	 119162907	0.13	0.97	(0.95 - 0.99)	0.99	(0.98 - 1.01)	1.00	(0.98 - 1.02)	1.06	(1.04 - 1.08)	1.06	(1.04 - 1.08)
icu
White	10877978	1685	 278948736	0.01	1.00		1.00		1.00		1.00		1.00
South Asian	1025319	410	  26327824	0.02	2.38	(2.12 - 2.67)	3.30	(2.93 - 3.71)	3.05	(2.71 - 3.44)	2.34	(2.07 - 2.64)	2.18	(1.92 - 2.48)
Black	340912	186	   8752307	0.02	3.08	(2.63 - 3.60)	3.91	(3.34 - 4.58)	3.52	(3.00 - 4.13)	3.21	(2.73 - 3.77)	3.12	(2.65 - 3.67)
Mixed	170484	56	   4379920	0.01	1.97	(1.51 - 2.57)	3.19	(2.44 - 4.17)	3.01	(2.30 - 3.94)	3.02	(2.31 - 3.95)	2.96	(2.26 - 3.87)
Other	320788	97	   8242154	0.01	1.83	(1.48 - 2.25)	2.92	(2.37 - 3.60)	2.80	(2.27 - 3.45)	3.28	(2.66 - 4.06)	3.18	(2.58 - 3.93)
Unknown	4553051	662	 116743799	0.01	0.95	(0.87 - 1.04)	1.03	(0.94 - 1.12)	1.03	(0.94 - 1.13)	1.09	(0.99 - 1.19)	1.08	(0.99 - 1.19)
onscoviddeath
White	10877978	7514	 285149111	0.03	1.00		1.00		1.00		1.00		1.00
South Asian	1025319	734	  26916194	0.03	0.89	(0.83 - 0.97)	1.85	(1.71 - 2.01)	1.64	(1.52 - 1.78)	1.47	(1.35 - 1.60)	1.26	(1.15 - 1.37)
Black	340912	268	   8948563	0.03	0.96	(0.85 - 1.09)	1.88	(1.66 - 2.13)	1.61	(1.42 - 1.82)	1.50	(1.32 - 1.70)	1.51	(1.33 - 1.71)
Mixed	170484	65	   4477775	0.01	0.51	(0.40 - 0.65)	1.58	(1.23 - 2.01)	1.44	(1.13 - 1.84)	1.43	(1.12 - 1.83)	1.41	(1.11 - 1.81)
Other	320788	107	   8426262	0.01	0.44	(0.37 - 0.54)	1.25	(1.03 - 1.51)	1.17	(0.97 - 1.42)	1.24	(1.02 - 1.50)	1.22	(1.00 - 1.48)
Unknown	4553051	2961	 119337957	0.02	0.95	(0.91 - 0.99)	0.92	(0.88 - 0.96)	0.93	(0.89 - 0.97)	1.00	(0.95 - 1.04)	1.01	(0.97 - 1.06)
ons_noncoviddeath
White	10877978	48100	 285149111	0.17	1.00		1.00		1.00		1.00		1.00
South Asian	1025319	1723	  26916194	0.06	0.42	(0.40 - 0.44)	0.87	(0.83 - 0.91)	0.79	(0.75 - 0.83)	0.91	(0.86 - 0.95)	0.85	(0.81 - 0.90)
Black	340912	606	   8948563	0.07	0.45	(0.41 - 0.48)	0.89	(0.82 - 0.97)	0.78	(0.72 - 0.85)	0.85	(0.78 - 0.92)	0.85	(0.78 - 0.92)
Mixed	170484	178	   4477775	0.04	0.26	(0.22 - 0.30)	0.80	(0.69 - 0.92)	0.74	(0.64 - 0.86)	0.81	(0.70 - 0.94)	0.81	(0.70 - 0.93)
Other	320788	296	   8426262	0.04	0.23	(0.21 - 0.26)	0.66	(0.59 - 0.74)	0.63	(0.56 - 0.70)	0.69	(0.62 - 0.77)	0.68	(0.61 - 0.77)
Unknown	4553051	21017	 119337957	0.18	1.04	(1.02 - 1.06)	0.98	(0.97 - 1.00)	0.99	(0.97 - 1.01)	1.05	(1.04 - 1.07)	1.06	(1.04 - 1.08)
onsdeath
White	10877978	55614	 285149111	0.20	1.00		1.00		1.00		1.00		1.00
South Asian	1025319	2457	  26916194	0.09	0.49	(0.47 - 0.52)	1.03	(0.99 - 1.08)	0.93	(0.89 - 0.97)	1.03	(0.99 - 1.08)	0.96	(0.92 - 1.00)
Black	340912	874	   8948563	0.10	0.53	(0.50 - 0.57)	1.06	(0.99 - 1.13)	0.93	(0.87 - 0.99)	0.98	(0.92 - 1.05)	0.98	(0.92 - 1.05)
Mixed	170484	243	   4477775	0.05	0.29	(0.26 - 0.33)	0.91	(0.81 - 1.04)	0.85	(0.75 - 0.97)	0.92	(0.81 - 1.04)	0.91	(0.80 - 1.03)
Other	320788	403	   8426262	0.05	0.26	(0.24 - 0.29)	0.75	(0.68 - 0.83)	0.71	(0.64 - 0.79)	0.78	(0.71 - 0.86)	0.77	(0.70 - 0.85)
Unknown	4553051	23978	 119337957	0.20	1.03	(1.01 - 1.04)	0.97	(0.96 - 0.99)	0.98	(0.97 - 1.00)	1.05	(1.03 - 1.06)	1.06	(1.04 - 1.07)
