Table 0: Outcome counts by ethnic group
	Total	British or Mixed British	Irish	Other White	White + Black Caribbean	White + Black African	White + Asian	Other mixed	Indian or British Indian	Pakistani or British Pakistani	Bangladeshi or British Bangladeshi	Other Asian	Caribbean	African	Other Black	Chinese	Other	Unknown
Whole study population- no exclusions
N	 2.18e+07 (100.0)	 1.14e+07 (100.0)	   85,236 (100.0)	  1607014 (100.0)	   60,443 (100.0)	   49,976 (100.0)	   56,601 (100.0)	  100,437 (100.0)	  526,741 (100.0)	  415,402 (100.0)	   96,891 (100.0)	  277,749 (100.0)	   94,786 (100.0)	  251,578 (100.0)	   93,563 (100.0)	  117,467 (100.0)	  274,993 (100.0)	  6204258 (100.0)	

tested	  1700196 (7.8)	  974,439 (8.5)	    8,122 (9.5)	  101,119 (6.3)	    4,271 (7.1)	    3,711 (7.4)	    4,127 (7.3)	    6,325 (6.3)	   54,618 (10.4)	   32,037 (7.7)	    5,538 (5.7)	   21,695 (7.8)	    7,675 (8.1)	   19,197 (7.6)	    6,508 (7.0)	    3,862 (3.3)	   17,751 (6.5)	  429,201 (6.9)	
positivetest	   85,542 (0.4)	   43,111 (0.4)	      412 (0.5)	    5,416 (0.3)	      197 (0.3)	      253 (0.5)	      247 (0.4)	      307 (0.3)	    4,846 (0.9)	    4,538 (1.1)	      464 (0.5)	    2,022 (0.7)	      596 (0.6)	    1,579 (0.6)	      411 (0.4)	      153 (0.1)	    1,214 (0.4)	   19,776 (0.3)	
icu	    3,119 (0.0)	    1,510 (0.0)	        5 (0.0)	      185 (0.0)	       11 (0.0)	       21 (0.0)	       10 (0.0)	       14 (0.0)	      163 (0.0)	      118 (0.0)	       25 (0.0)	      106 (0.0)	       43 (0.0)	      118 (0.0)	       28 (0.0)	       18 (0.0)	       79 (0.0)	      665 (0.0)	
onscoviddeath	   15,632 (0.1)	    9,685 (0.1)	      127 (0.1)	      560 (0.0)	       31 (0.1)	       11 (0.0)	       14 (0.0)	       21 (0.0)	      357 (0.1)	      215 (0.1)	       49 (0.1)	      151 (0.1)	      164 (0.2)	      100 (0.0)	       41 (0.0)	       28 (0.0)	      109 (0.0)	    3,969 (0.1)	
ons_noncoviddeath	   85,000 (0.4)	   53,730 (0.5)	      554 (0.6)	    2,919 (0.2)	       80 (0.1)	       32 (0.1)	       27 (0.0)	       53 (0.1)	      896 (0.2)	      542 (0.1)	       94 (0.1)	      273 (0.1)	      390 (0.4)	      176 (0.1)	      111 (0.1)	       66 (0.1)	      274 (0.1)	   24,783 (0.4)	
onsdeath	  100,632 (0.5)	   63,415 (0.6)	      681 (0.8)	    3,479 (0.2)	      111 (0.2)	       43 (0.1)	       41 (0.1)	       74 (0.1)	    1,253 (0.2)	      757 (0.2)	      143 (0.1)	      424 (0.2)	      554 (0.6)	      276 (0.1)	      152 (0.2)	       94 (0.1)	      383 (0.1)	   28,752 (0.5)	
any_resp_support_flag	    3,022 (0.0)	    1,468 (0.0)	        5 (0.0)	      177 (0.0)	       11 (0.0)	       21 (0.0)	       10 (0.0)	       14 (0.0)	      154 (0.0)	      110 (0.0)	       24 (0.0)	      104 (0.0)	       41 (0.0)	      115 (0.0)	       26 (0.0)	       16 (0.0)	       76 (0.0)	      650 (0.0)	
basic_resp_support_flag	    2,184 (0.0)	    1,096 (0.0)	        3 (0.0)	      135 (0.0)	        9 (0.0)	       13 (0.0)	        7 (0.0)	        9 (0.0)	       91 (0.0)	       76 (0.0)	       16 (0.0)	       78 (0.0)	       26 (0.0)	       86 (0.0)	       21 (0.0)	        9 (0.0)	       57 (0.0)	      452 (0.0)	
advanced_resp_support_flag	    2,104 (0.0)	      967 (0.0)	        3 (0.0)	      126 (0.0)	        7 (0.0)	       16 (0.0)	        7 (0.0)	        7 (0.0)	      124 (0.0)	       84 (0.0)	       20 (0.0)	       81 (0.0)	       29 (0.0)	       88 (0.0)	       19 (0.0)	       12 (0.0)	       64 (0.0)	      450 (0.0)	
Adults aged 18-105 with valid sex
N	 1.75e+07 (100.0)	  9598922 (100.0)	   79,374 (100.0)	  1352377 (100.0)	   39,676 (100.0)	   33,629 (100.0)	   34,679 (100.0)	   64,567 (100.0)	  436,692 (100.0)	  302,940 (100.0)	   70,396 (100.0)	  224,309 (100.0)	   83,419 (100.0)	  192,521 (100.0)	   68,949 (100.0)	  105,447 (100.0)	  219,283 (100.0)	  4602822 (100.0)	

tested	  1552521 (8.9)	  911,140 (9.5)	    7,929 (10.0)	   93,913 (6.9)	    3,604 (9.1)	    3,227 (9.6)	    3,264 (9.4)	    5,089 (7.9)	   50,068 (11.5)	   28,586 (9.4)	    4,951 (7.0)	   20,168 (9.0)	    7,442 (8.9)	   17,928 (9.3)	    5,879 (8.5)	    3,663 (3.5)	   16,154 (7.4)	  369,516 (8.0)	
positivetest	   82,473 (0.5)	   42,328 (0.4)	      412 (0.5)	    5,237 (0.4)	      190 (0.5)	      244 (0.7)	      213 (0.6)	      281 (0.4)	    4,539 (1.0)	    4,088 (1.3)	      426 (0.6)	    1,956 (0.9)	      590 (0.7)	    1,518 (0.8)	      393 (0.6)	      151 (0.1)	    1,165 (0.5)	   18,742 (0.4)	
icu	    3,118 (0.0)	    1,509 (0.0)	        5 (0.0)	      185 (0.0)	       11 (0.0)	       21 (0.1)	       10 (0.0)	       14 (0.0)	      163 (0.0)	      118 (0.0)	       25 (0.0)	      106 (0.0)	       43 (0.1)	      118 (0.1)	       28 (0.0)	       18 (0.0)	       79 (0.0)	      665 (0.0)	
onscoviddeath	   15,627 (0.1)	    9,683 (0.1)	      127 (0.2)	      560 (0.0)	       31 (0.1)	       11 (0.0)	       14 (0.0)	       21 (0.0)	      357 (0.1)	      214 (0.1)	       49 (0.1)	      151 (0.1)	      164 (0.2)	      100 (0.1)	       41 (0.1)	       28 (0.0)	      109 (0.0)	    3,967 (0.1)	
ons_noncoviddeath	   84,872 (0.5)	   53,687 (0.6)	      554 (0.7)	    2,914 (0.2)	       80 (0.2)	       32 (0.1)	       27 (0.1)	       53 (0.1)	      891 (0.2)	      529 (0.2)	       93 (0.1)	      272 (0.1)	      389 (0.5)	      174 (0.1)	      108 (0.2)	       66 (0.1)	      271 (0.1)	   24,732 (0.5)	
onsdeath	  100,499 (0.6)	   63,370 (0.7)	      681 (0.9)	    3,474 (0.3)	      111 (0.3)	       43 (0.1)	       41 (0.1)	       74 (0.1)	    1,248 (0.3)	      743 (0.2)	      142 (0.2)	      423 (0.2)	      553 (0.7)	      274 (0.1)	      149 (0.2)	       94 (0.1)	      380 (0.2)	   28,699 (0.6)	
any_resp_support_flag	    3,021 (0.0)	    1,467 (0.0)	        5 (0.0)	      177 (0.0)	       11 (0.0)	       21 (0.1)	       10 (0.0)	       14 (0.0)	      154 (0.0)	      110 (0.0)	       24 (0.0)	      104 (0.0)	       41 (0.0)	      115 (0.1)	       26 (0.0)	       16 (0.0)	       76 (0.0)	      650 (0.0)	
basic_resp_support_flag	    2,183 (0.0)	    1,095 (0.0)	        3 (0.0)	      135 (0.0)	        9 (0.0)	       13 (0.0)	        7 (0.0)	        9 (0.0)	       91 (0.0)	       76 (0.0)	       16 (0.0)	       78 (0.0)	       26 (0.0)	       86 (0.0)	       21 (0.0)	        9 (0.0)	       57 (0.0)	      452 (0.0)	
advanced_resp_support_flag	    2,104 (0.0)	      967 (0.0)	        3 (0.0)	      126 (0.0)	        7 (0.0)	       16 (0.0)	        7 (0.0)	        7 (0.0)	      124 (0.0)	       84 (0.0)	       20 (0.0)	       81 (0.0)	       29 (0.0)	       88 (0.0)	       19 (0.0)	       12 (0.0)	       64 (0.0)	      450 (0.0)	
