Table 1: Demographic and Clinical Characteristics
	Total	British	Irish	Other White	White + Caribbean	White + African	White + Asian	Other mixed	Indian	Pakistani	Bangladeshi	Other Asian	Caribbean	African	Other Black	Chinese	Other	Unknown

1	 1.74e+07 (100.0)	  9513309 (100.0)	   78,744 (100.0)	  1341291 (100.0)	   39,271 (100.0)	   33,240 (100.0)	   34,323 (100.0)	   63,883 (100.0)	  432,172 (100.0)	  301,596 (100.0)	   69,973 (100.0)	  222,198 (100.0)	   82,835 (100.0)	  190,356 (100.0)	   68,294 (100.0)	  103,963 (100.0)	  217,216 (100.0)	  4573992 (100.0)	

Age (years)
Mean (SD)	49.8 (18.7)	52.5 (18.3)	53.9 (18.7)	42.9 (15.8)	40.8 (16.3)	41.0 (14.1)	39.3 (14.7)	39.4 (14.4)	44.9 (15.9)	41.4 (15.2)	39.9 (14.0)	42.3 (14.8)	50.9 (17.8)	41.2 (13.7)	42.4 (14.9)	37.7 (15.3)	41.5 (14.7)	49.0 (20.2)	
Median (IQR)	49.0 (34.0-64.0)	53.0 (38.0-67.0)	53.0 (38.0-70.0)	39.0 (31.0-52.0)	37.0 (28.0-52.0)	40.0 (30.0-50.0)	37.0 (28.0-48.0)	37.0 (28.0-48.0)	42.0 (33.0-55.0)	39.0 (30.0-50.0)	38.0 (30.0-47.0)	40.0 (31.0-51.0)	52.0 (37.0-62.0)	41.0 (31.0-50.0)	42.0 (31.0-53.0)	33.0 (25.0-47.0)	39.0 (31.0-50.0)	49.0 (31.0-64.0)	

Male
0	  8692764 (50.1)	  4965528 (52.2)	   39,771 (50.5)	  683,242 (50.9)	   21,242 (54.1)	   16,485 (49.6)	   17,582 (51.2)	   32,490 (50.9)	  203,305 (47.0)	  145,045 (48.1)	   32,813 (46.9)	  109,810 (49.4)	   43,365 (52.4)	   92,652 (48.7)	   34,081 (49.9)	   54,313 (52.2)	  103,761 (47.8)	  2097279 (45.9)	
1	  8673892 (49.9)	  4547781 (47.8)	   38,973 (49.5)	  658,049 (49.1)	   18,029 (45.9)	   16,755 (50.4)	   16,741 (48.8)	   31,393 (49.1)	  228,867 (53.0)	  156,551 (51.9)	   37,160 (53.1)	  112,388 (50.6)	   39,470 (47.6)	   97,704 (51.3)	   34,213 (50.1)	   49,650 (47.8)	  113,455 (52.2)	  2476713 (54.1)	

Index of Multiple Deprivation (IMD)
1	  3509990 (20.2)	  2119893 (22.3)	   14,579 (18.5)	  170,680 (12.7)	    4,104 (10.5)	    3,540 (10.6)	    5,951 (17.3)	    8,684 (13.6)	   49,102 (11.4)	   12,091 (4.0)	    3,185 (4.6)	   23,485 (10.6)	    5,121 (6.2)	   12,562 (6.6)	    5,062 (7.4)	   19,835 (19.1)	   23,430 (10.8)	  1028686 (22.5)	
2	  3497116 (20.1)	  2046733 (21.5)	   16,838 (21.4)	  239,334 (17.8)	    5,242 (13.3)	    4,674 (14.1)	    6,514 (19.0)	   10,869 (17.0)	   58,505 (13.5)	   18,855 (6.3)	    4,991 (7.1)	   32,254 (14.5)	    8,449 (10.2)	   18,905 (9.9)	    7,350 (10.8)	   22,268 (21.4)	   32,440 (14.9)	  962,895 (21.1)	
3	  3504303 (20.2)	  1944296 (20.4)	   16,998 (21.6)	  271,138 (20.2)	    7,129 (18.2)	    5,952 (17.9)	    6,749 (19.7)	   12,482 (19.5)	   95,226 (22.0)	   36,458 (12.1)	   10,273 (14.7)	   47,657 (21.4)	   14,334 (17.3)	   29,819 (15.7)	   10,759 (15.8)	   21,623 (20.8)	   39,344 (18.1)	  934,066 (20.4)	
4	  3498950 (20.1)	  1774879 (18.7)	   16,605 (21.1)	  333,613 (24.9)	    9,500 (24.2)	    8,155 (24.5)	    7,374 (21.5)	   15,572 (24.4)	  142,090 (32.9)	   73,081 (24.2)	   18,321 (26.2)	   61,967 (27.9)	   21,829 (26.4)	   50,815 (26.7)	   18,456 (27.0)	   24,199 (23.3)	   55,541 (25.6)	  866,953 (19.0)	
5	  3356297 (19.3)	  1627508 (17.1)	   13,724 (17.4)	  326,526 (24.3)	   13,296 (33.9)	   10,919 (32.8)	    7,735 (22.5)	   16,276 (25.5)	   87,249 (20.2)	  161,111 (53.4)	   33,203 (47.5)	   56,835 (25.6)	   33,102 (40.0)	   78,255 (41.1)	   26,667 (39.0)	   16,038 (15.4)	   66,461 (30.6)	  781,392 (17.1)	

# people in household
Mean (SD)	4.4 (45.2)	3.2 (25.6)	5.0 (45.3)	11.3 (116.4)	4.2 (31.1)	6.3 (50.3)	13.8 (96.9)	7.3 (59.4)	6.3 (44.4)	5.0 (22.7)	5.2 (26.6)	8.7 (66.3)	3.2 (20.2)	5.6 (37.8)	4.3 (25.9)	34.0 (164.0)	7.2 (60.4)	3.4 (29.7)	
Median (IQR)	2.0 (1.0-4.0)	2.0 (1.0-3.0)	2.0 (1.0-3.0)	3.0 (1.0-4.0)	2.0 (1.0-4.0)	3.0 (1.0-5.0)	3.0 (1.0-4.0)	3.0 (1.0-4.0)	4.0 (2.0-5.0)	4.0 (2.0-6.0)	4.0 (2.0-6.0)	3.0 (2.0-5.0)	2.0 (1.0-4.0)	3.0 (2.0-5.0)	3.0 (1.0-5.0)	2.0 (1.0-4.0)	3.0 (1.0-5.0)	2.0 (1.0-4.0)	

Number of people in household
1	  7533408 (43.4)	  4640170 (48.8)	   40,771 (51.8)	  488,759 (36.4)	   15,990 (40.7)	   10,726 (32.3)	   11,902 (34.7)	   23,799 (37.3)	   97,231 (22.5)	   42,428 (14.1)	    9,345 (13.4)	   60,595 (27.3)	   38,377 (46.3)	   56,075 (29.5)	   23,712 (34.7)	   45,953 (44.2)	   72,641 (33.4)	  1854934 (40.6)	
2	  6166295 (35.5)	  3218856 (33.8)	   23,852 (30.3)	  519,471 (38.7)	   16,297 (41.5)	   13,849 (41.7)	   14,185 (41.3)	   25,233 (39.5)	  195,776 (45.3)	  113,234 (37.5)	   29,054 (41.5)	   92,868 (41.8)	   30,397 (36.7)	   78,979 (41.5)	   26,167 (38.3)	   32,700 (31.5)	   84,887 (39.1)	  1650490 (36.1)	
3	  992,375 (5.7)	  291,873 (3.1)	    3,784 (4.8)	  148,123 (11.0)	    2,813 (7.2)	    4,623 (13.9)	    3,560 (10.4)	    7,187 (11.3)	   73,063 (16.9)	   89,761 (29.8)	   20,303 (29.0)	   38,185 (17.2)	    5,477 (6.6)	   34,666 (18.2)	   10,535 (15.4)	    8,602 (8.3)	   31,239 (14.4)	  218,581 (4.8)	
4	  169,045 (1.0)	   36,896 (0.4)	    1,066 (1.4)	   37,094 (2.8)	      356 (0.9)	      618 (1.9)	      980 (2.9)	    1,521 (2.4)	   19,068 (4.4)	   11,539 (3.8)	    2,109 (3.0)	    8,323 (3.7)	      567 (0.7)	    4,570 (2.4)	    1,349 (2.0)	    7,498 (7.2)	    6,730 (3.1)	   28,761 (0.6)	
5	   78,124 (0.4)	   51,900 (0.5)	      574 (0.7)	    2,892 (0.2)	       63 (0.2)	       46 (0.1)	       59 (0.2)	       65 (0.1)	      358 (0.1)	      100 (0.0)	       14 (0.0)	      148 (0.1)	      274 (0.3)	      192 (0.1)	      107 (0.2)	       71 (0.1)	      320 (0.1)	   20,941 (0.5)	
.	        0 (0.0)	        0 (0.0)	        0 (0.0)	        0 (0.0)	        0 (0.0)	        0 (0.0)	        0 (0.0)	        0 (0.0)	        0 (0.0)	        0 (0.0)	        0 (0.0)	        0 (0.0)	        0 (0.0)	        0 (0.0)	        0 (0.0)	        0 (0.0)	        0 (0.0)	        0 (0.0)	
.	        0 (0.0)	        0 (0.0)	        0 (0.0)	        0 (0.0)	        0 (0.0)	        0 (0.0)	        0 (0.0)	        0 (0.0)	        0 (0.0)	        0 (0.0)	        0 (0.0)	        0 (0.0)	        0 (0.0)	        0 (0.0)	        0 (0.0)	        0 (0.0)	        0 (0.0)	        0 (0.0)	
.	        0 (0.0)	        0 (0.0)	        0 (0.0)	        0 (0.0)	        0 (0.0)	        0 (0.0)	        0 (0.0)	        0 (0.0)	        0 (0.0)	        0 (0.0)	        0 (0.0)	        0 (0.0)	        0 (0.0)	        0 (0.0)	        0 (0.0)	        0 (0.0)	        0 (0.0)	        0 (0.0)	
9	  2427409 (14.0)	  1273614 (13.4)	    8,697 (11.0)	  144,952 (10.8)	    3,752 (9.6)	    3,378 (10.2)	    3,637 (10.6)	    6,078 (9.5)	   46,676 (10.8)	   44,534 (14.8)	    9,148 (13.1)	   22,079 (9.9)	    7,743 (9.3)	   15,874 (8.3)	    6,424 (9.4)	    9,139 (8.8)	   21,399 (9.9)	  800,285 (17.5)	
.	        0 (0.0)	        0 (0.0)	        0 (0.0)	        0 (0.0)	        0 (0.0)	        0 (0.0)	        0 (0.0)	        0 (0.0)	        0 (0.0)	        0 (0.0)	        0 (0.0)	        0 (0.0)	        0 (0.0)	        0 (0.0)	        0 (0.0)	        0 (0.0)	        0 (0.0)	        0 (0.0)	

Number of GP consultations in the 12 months prior to baseline
Mean (SD)	5.9 (8.5)	6.7 (9.2)	6.5 (9.6)	4.0 (7.1)	6.2 (9.2)	5.0 (8.0)	5.0 (8.2)	4.7 (8.3)	5.8 (8.3)	6.9 (9.5)	6.5 (8.5)	5.1 (7.9)	6.5 (8.6)	4.9 (7.7)	5.5 (8.7)	2.2 (4.9)	4.6 (7.9)	4.8 (7.1)	
Median (IQR)	3.0 (1.0-8.0)	4.0 (1.0-9.0)	4.0 (0.0-9.0)	1.0 (0.0-5.0)	3.0 (0.0-8.0)	2.0 (0.0-7.0)	2.0 (0.0-7.0)	2.0 (0.0-6.0)	3.0 (0.0-8.0)	4.0 (1.0-10.0)	4.0 (1.0-9.0)	2.0 (0.0-7.0)	4.0 (1.0-9.0)	2.0 (0.0-7.0)	3.0 (0.0-8.0)	0.0 (0.0-2.0)	2.0 (0.0-6.0)	2.0 (0.0-7.0)	

Smoking status (missing set to non)
1	  8688519 (50.0)	  4247458 (44.6)	   32,687 (41.5)	  626,397 (46.7)	   18,472 (47.0)	   22,154 (66.6)	   20,849 (60.7)	   35,007 (54.8)	  336,452 (77.9)	  210,773 (69.9)	   46,368 (66.3)	  157,873 (71.1)	   43,862 (53.0)	  145,402 (76.4)	   44,020 (64.5)	   82,256 (79.1)	  126,382 (58.2)	  2492107 (54.5)	
2	  5721666 (32.9)	  3653066 (38.4)	   31,520 (40.0)	  381,076 (28.4)	   10,474 (26.7)	    6,382 (19.2)	    7,722 (22.5)	   15,297 (23.9)	   61,942 (14.3)	   47,258 (15.7)	   12,310 (17.6)	   37,722 (17.0)	   22,388 (27.0)	   27,784 (14.6)	   13,294 (19.5)	   12,453 (12.0)	   46,452 (21.4)	  1334526 (29.2)	
3	  2956471 (17.0)	  1612785 (17.0)	   14,537 (18.5)	  333,818 (24.9)	   10,325 (26.3)	    4,704 (14.2)	    5,752 (16.8)	   13,579 (21.3)	   33,778 (7.8)	   43,565 (14.4)	   11,295 (16.1)	   26,603 (12.0)	   16,585 (20.0)	   17,170 (9.0)	   10,980 (16.1)	    9,254 (8.9)	   44,382 (20.4)	  747,359 (16.3)	

Body Mass Index (BMI, kg/m2)
Mean (SD)	27.4 (5.7)	27.6 (5.7)	26.9 (5.3)	26.2 (5.4)	27.6 (6.0)	27.7 (5.7)	25.7 (5.3)	26.3 (5.5)	26.3 (4.9)	27.5 (5.6)	26.2 (4.7)	25.9 (4.9)	28.4 (5.9)	27.9 (5.6)	27.9 (5.8)	22.9 (3.9)	26.3 (5.2)	27.7 (5.9)	
Median (IQR)	26.6 (23.4-30.5)	26.8 (23.5-30.7)	26.2 (23.1-29.8)	25.3 (22.3-29.1)	26.7 (23.3-31.0)	27.0 (23.7-30.9)	24.8 (22.0-28.4)	25.3 (22.3-29.3)	25.7 (22.9-29.0)	26.9 (23.7-30.7)	25.7 (23.1-28.7)	25.4 (22.5-28.7)	27.6 (24.3-31.6)	27.2 (23.9-31.1)	27.2 (23.8-31.1)	22.3 (20.1-24.9)	25.6 (22.6-29.2)	26.9 (23.5-31.0)	

BMI with SA categories
1	  301,491 (1.7)	  153,935 (1.6)	    1,506 (1.9)	   29,416 (2.2)	      718 (1.8)	      503 (1.5)	    1,061 (3.1)	    1,526 (2.4)	   11,043 (2.6)	    7,396 (2.5)	    1,640 (2.3)	    6,088 (2.7)	      996 (1.2)	    2,966 (1.6)	    1,095 (1.6)	    7,323 (7.0)	    4,552 (2.1)	   69,727 (1.5)	
2	  4602241 (26.5)	  2761280 (29.0)	   25,467 (32.3)	  470,076 (35.0)	   11,208 (28.5)	    8,414 (25.3)	   12,774 (37.2)	   21,362 (33.4)	   77,200 (17.9)	   42,178 (14.0)	   11,733 (16.8)	   45,237 (20.4)	   19,726 (23.8)	   44,914 (23.6)	   16,808 (24.6)	   51,342 (49.4)	   69,049 (31.8)	  913,473 (20.0)	
3	  4684840 (27.0)	  2870769 (30.2)	   24,174 (30.7)	  337,686 (25.2)	   10,315 (26.3)	    8,962 (27.0)	    8,322 (24.2)	   15,353 (24.0)	  139,283 (32.2)	   82,611 (27.4)	   23,221 (33.2)	   68,523 (30.8)	   25,266 (30.5)	   53,011 (27.8)	   19,125 (28.0)	   15,337 (14.8)	   56,215 (25.9)	  926,667 (20.3)	
4	  2465938 (14.2)	  1479757 (15.6)	   11,236 (14.3)	  147,976 (11.0)	    5,671 (14.4)	    4,882 (14.7)	    3,296 (9.6)	    6,850 (10.7)	   87,144 (20.2)	   70,236 (23.3)	   13,658 (19.5)	   41,863 (18.8)	   14,506 (17.5)	   29,892 (15.7)	   10,585 (15.5)	    2,969 (2.9)	   24,291 (11.2)	  511,126 (11.2)	
5	  952,019 (5.5)	  577,591 (6.1)	    3,735 (4.7)	   51,929 (3.9)	    2,389 (6.1)	    1,899 (5.7)	    1,089 (3.2)	    2,463 (3.9)	   26,651 (6.2)	   28,645 (9.5)	    3,853 (5.5)	   12,320 (5.5)	    5,998 (7.2)	   11,277 (5.9)	    4,138 (6.1)	      631 (0.6)	    7,736 (3.6)	  209,675 (4.6)	
6	  475,161 (2.7)	  293,171 (3.1)	    1,671 (2.1)	   24,151 (1.8)	    1,380 (3.5)	      908 (2.7)	      523 (1.5)	    1,268 (2.0)	   10,230 (2.4)	   12,852 (4.3)	    1,332 (1.9)	    4,417 (2.0)	    3,257 (3.9)	    4,962 (2.6)	    2,074 (3.0)	      272 (0.3)	    3,239 (1.5)	  109,454 (2.4)	
7	  3884966 (22.4)	  1376806 (14.5)	   10,955 (13.9)	  280,057 (20.9)	    7,590 (19.3)	    7,672 (23.1)	    7,258 (21.1)	   15,061 (23.6)	   80,621 (18.7)	   57,678 (19.1)	   14,536 (20.8)	   43,750 (19.7)	   13,086 (15.8)	   43,334 (22.8)	   14,469 (21.2)	   26,089 (25.1)	   52,134 (24.0)	  1833870 (40.1)	

HbA1c %
Mean (SD)	5.9 (1.0)	5.9 (1.0)	5.8 (0.9)	5.7 (0.9)	5.9 (1.1)	5.9 (1.1)	5.9 (1.0)	5.8 (1.0)	6.1 (1.1)	6.2 (1.3)	6.3 (1.3)	6.0 (1.1)	6.2 (1.3)	6.0 (1.2)	5.9 (1.2)	5.9 (0.9)	5.8 (1.0)	5.9 (1.0)	
Median (IQR)	5.6 (5.4-6.0)	5.6 (5.4-6.0)	5.6 (5.4-5.9)	5.5 (5.3-5.9)	5.6 (5.4-6.1)	5.6 (5.4-6.0)	5.6 (5.4-6.0)	5.6 (5.3-5.9)	5.8 (5.4-6.3)	5.8 (5.4-6.4)	5.9 (5.5-6.5)	5.7 (5.4-6.2)	5.9 (5.5-6.4)	5.7 (5.4-6.1)	5.7 (5.4-6.1)	5.7 (5.4-6.0)	5.6 (5.4-6.0)	5.6 (5.4-6.1)	

HbA1c mmo/mol
Mean (SD)	41.0 (93.3)	40.5 (60.6)	39.9 (9.8)	39.4 (77.8)	41.0 (12.5)	40.9 (13.1)	40.4 (11.4)	40.0 (11.3)	43.1 (12.4)	45.0 (235.8)	54.3 (660.7)	42.7 (106.2)	43.8 (13.9)	42.1 (136.8)	42.8 (222.2)	40.5 (9.3)	40.2 (11.1)	41.4 (105.3)	
Median (IQR)	38.0 (35.0-42.0)	38.0 (35.0-42.0)	38.0 (35.0-41.0)	37.0 (34.0-41.0)	38.0 (35.0-43.0)	38.0 (35.0-42.0)	38.0 (35.0-42.0)	38.0 (34.0-41.0)	40.0 (36.0-45.0)	40.0 (36.0-46.0)	41.0 (37.0-48.0)	39.0 (36.0-44.0)	41.0 (37.0-46.0)	39.0 (35.0-43.0)	39.0 (35.0-43.0)	39.0 (36.0-42.0)	38.0 (35.0-42.0)	38.0 (35.0-43.0)	

HbA1c category
0	  6750446 (38.9)	  4142516 (43.5)	   34,419 (43.7)	  401,689 (29.9)	   13,492 (34.4)	   10,795 (32.5)	   10,974 (32.0)	   19,568 (30.6)	  186,571 (43.2)	  128,681 (42.7)	   25,476 (36.4)	   83,793 (37.7)	   35,846 (43.3)	   65,317 (34.3)	   26,225 (38.4)	   19,290 (18.6)	   73,414 (33.8)	  1472380 (32.2)	
1	  587,498 (3.4)	  327,657 (3.4)	    2,514 (3.2)	   24,004 (1.8)	    1,273 (3.2)	      950 (2.9)	      893 (2.6)	    1,405 (2.2)	   28,948 (6.7)	   19,526 (6.5)	    5,051 (7.2)	   10,943 (4.9)	    6,065 (7.3)	    6,781 (3.6)	    2,502 (3.7)	    1,936 (1.9)	    5,779 (2.7)	  141,271 (3.1)	
2	  156,925 (0.9)	   88,091 (0.9)	      662 (0.8)	    6,363 (0.5)	      319 (0.8)	      218 (0.7)	      230 (0.7)	      382 (0.6)	    7,337 (1.7)	    5,600 (1.9)	    1,426 (2.0)	    2,778 (1.3)	    1,333 (1.6)	    1,496 (0.8)	      565 (0.8)	      423 (0.4)	    1,419 (0.7)	   38,283 (0.8)	
3	  170,454 (1.0)	   96,482 (1.0)	      649 (0.8)	    7,018 (0.5)	      334 (0.9)	      241 (0.7)	      272 (0.8)	      386 (0.6)	    7,397 (1.7)	    6,482 (2.1)	    1,584 (2.3)	    2,878 (1.3)	    1,360 (1.6)	    1,652 (0.9)	      567 (0.8)	      359 (0.3)	    1,614 (0.7)	   41,179 (0.9)	
4	  191,894 (1.1)	  108,029 (1.1)	      631 (0.8)	    8,401 (0.6)	      465 (1.2)	      354 (1.1)	      332 (1.0)	      539 (0.8)	    7,789 (1.8)	    8,334 (2.8)	    1,661 (2.4)	    3,296 (1.5)	    1,902 (2.3)	    2,529 (1.3)	      997 (1.5)	      292 (0.3)	    1,933 (0.9)	   44,410 (1.0)	
5	  9509439 (54.8)	  4750534 (49.9)	   39,869 (50.6)	  893,816 (66.6)	   23,388 (59.6)	   20,682 (62.2)	   21,622 (63.0)	   41,603 (65.1)	  194,130 (44.9)	  132,973 (44.1)	   34,775 (49.7)	  118,510 (53.3)	   36,329 (43.9)	  112,581 (59.1)	   37,438 (54.8)	   81,663 (78.6)	  133,057 (61.3)	  2836469 (62.0)	

Systolic BP
Mean (SD)	128.0 (15.7)	128.5 (15.5)	128.6 (16.0)	125.6 (15.6)	125.4 (15.4)	125.9 (15.5)	122.0 (15.0)	123.0 (15.2)	125.1 (15.5)	122.9 (15.2)	121.5 (15.0)	123.1 (15.2)	129.7 (16.1)	126.1 (15.9)	126.0 (16.0)	120.4 (15.7)	123.1 (15.3)	129.0 (15.9)	
Median (IQR)	128.0 (118.0-138.0)	129.0 (119.0-138.0)	129.0 (118.0-139.0)	125.0 (115.0-136.0)	125.0 (115.0-135.0)	126.0 (115.0-136.0)	121.0 (111.0-131.0)	122.0 (112.0-132.0)	125.0 (115.0-135.0)	122.0 (112.0-132.0)	120.0 (110.0-131.0)	122.0 (112.0-133.0)	130.0 (120.0-139.0)	126.0 (116.0-136.0)	126.0 (115.0-136.0)	120.0 (110.0-130.0)	122.0 (112.0-133.0)	130.0 (120.0-139.0)	

Diastolic BP
Mean (SD)	76.8 (9.9)	76.8 (9.8)	76.3 (9.9)	76.7 (10.1)	76.9 (10.2)	77.5 (10.2)	75.7 (9.9)	76.2 (10.1)	76.9 (9.7)	76.2 (9.6)	76.1 (9.8)	76.4 (9.8)	78.4 (10.3)	77.9 (10.3)	77.8 (10.4)	74.8 (10.0)	76.1 (9.9)	76.7 (10.0)	
Median (IQR)	78.0 (70.0-82.0)	78.0 (70.0-82.0)	77.0 (70.0-82.0)	78.0 (70.0-83.0)	78.0 (70.0-83.0)	78.0 (70.0-84.0)	76.0 (70.0-82.0)	77.0 (70.0-82.0)	78.0 (70.0-82.0)	77.0 (70.0-82.0)	77.0 (70.0-82.0)	77.0 (70.0-82.0)	79.0 (71.0-84.0)	78.0 (70.0-84.0)	78.0 (70.0-84.0)	75.0 (68.0-80.0)	77.0 (70.0-82.0)	78.0 (70.0-82.0)	

Blood pressure four levels non-missing
1	  2675205 (15.4)	  1511709 (15.9)	   12,532 (15.9)	  210,396 (15.7)	    7,577 (19.3)	    5,515 (16.6)	    7,309 (21.3)	   12,368 (19.4)	   79,747 (18.5)	   68,831 (22.8)	   17,460 (25.0)	   45,219 (20.4)	   12,284 (14.8)	   32,258 (16.9)	   12,365 (18.1)	   15,927 (15.3)	   41,654 (19.2)	  582,054 (12.7)	
2	  1831616 (10.5)	  1112027 (11.7)	    8,623 (11.0)	  114,437 (8.5)	    4,103 (10.4)	    2,905 (8.7)	    3,110 (9.1)	    5,625 (8.8)	   40,501 (9.4)	   31,685 (10.5)	    6,888 (9.8)	   20,314 (9.1)	    8,677 (10.5)	   17,136 (9.0)	    6,357 (9.3)	    5,327 (5.1)	   18,333 (8.4)	  425,568 (9.3)	
3	  4291513 (24.7)	  2614841 (27.5)	   19,775 (25.1)	  260,483 (19.4)	    9,021 (23.0)	    7,241 (21.8)	    6,703 (19.5)	   12,256 (19.2)	  102,905 (23.8)	   71,625 (23.7)	   16,386 (23.4)	   48,206 (21.7)	   22,776 (27.5)	   41,964 (22.0)	   16,028 (23.5)	   11,853 (11.4)	   41,689 (19.2)	  987,761 (21.6)	
4	  3029303 (17.4)	  1863256 (19.6)	   14,860 (18.9)	  160,744 (12.0)	    5,462 (13.9)	    4,402 (13.2)	    3,047 (8.9)	    6,148 (9.6)	   56,611 (13.1)	   33,749 (11.2)	    7,181 (10.3)	   22,984 (10.3)	   17,633 (21.3)	   26,474 (13.9)	   10,039 (14.7)	    5,453 (5.2)	   21,046 (9.7)	  770,214 (16.8)	
5	  5539019 (31.9)	  2411476 (25.3)	   22,954 (29.2)	  595,231 (44.4)	   13,108 (33.4)	   13,177 (39.6)	   14,154 (41.2)	   27,486 (43.0)	  152,408 (35.3)	   95,706 (31.7)	   22,058 (31.5)	   85,475 (38.5)	   21,465 (25.9)	   72,524 (38.1)	   23,505 (34.4)	   65,403 (62.9)	   94,494 (43.5)	  1808395 (39.5)	

Diabetes Type
0	 1.56e+07 (90.1)	  8559024 (90.0)	   70,065 (89.0)	  1262450 (94.1)	   35,233 (89.7)	   30,258 (91.0)	   31,528 (91.9)	   59,054 (92.4)	  347,476 (80.4)	  244,266 (81.0)	   55,348 (79.1)	  187,771 (84.5)	   64,294 (77.6)	  168,122 (88.3)	   60,206 (88.2)	   98,738 (95.0)	  196,710 (90.6)	  4172796 (91.2)	
1	   88,788 (0.5)	   55,323 (0.6)	      348 (0.4)	    4,624 (0.3)	      198 (0.5)	      120 (0.4)	      109 (0.3)	      210 (0.3)	    1,100 (0.3)	      868 (0.3)	      123 (0.2)	      420 (0.2)	      422 (0.5)	      690 (0.4)	      257 (0.4)	       80 (0.1)	      562 (0.3)	   23,334 (0.5)	
2	  1249552 (7.2)	  702,024 (7.4)	    5,255 (6.7)	   51,128 (3.8)	    2,691 (6.9)	    1,984 (6.0)	    1,953 (5.7)	    3,034 (4.7)	   58,850 (13.6)	   43,650 (14.5)	   10,981 (15.7)	   22,469 (10.1)	   12,559 (15.2)	   14,087 (7.4)	    5,120 (7.5)	    3,412 (3.3)	   12,202 (5.6)	  298,153 (6.5)	
3	  384,977 (2.2)	  196,938 (2.1)	    3,076 (3.9)	   23,089 (1.7)	    1,149 (2.9)	      878 (2.6)	      733 (2.1)	    1,585 (2.5)	   24,746 (5.7)	   12,812 (4.2)	    3,521 (5.0)	   11,538 (5.2)	    5,560 (6.7)	    7,457 (3.9)	    2,711 (4.0)	    1,733 (1.7)	    7,742 (3.6)	   79,709 (1.7)	

Count of co-morbid conditions
Mean (SD)	0.6 (0.9)	0.7 (0.9)	0.8 (1.0)	0.4 (0.7)	0.5 (0.8)	0.4 (0.7)	0.4 (0.7)	0.4 (0.7)	0.5 (0.8)	0.5 (0.8)	0.4 (0.7)	0.4 (0.7)	0.7 (0.9)	0.4 (0.7)	0.4 (0.7)	0.2 (0.5)	0.3 (0.7)	0.6 (0.9)	
Median (IQR)	0.0 (0.0-1.0)	0.0 (0.0-1.0)	0.0 (0.0-1.0)	0.0 (0.0-0.0)	0.0 (0.0-1.0)	0.0 (0.0-1.0)	0.0 (0.0-1.0)	0.0 (0.0-1.0)	0.0 (0.0-1.0)	0.0 (0.0-1.0)	0.0 (0.0-1.0)	0.0 (0.0-1.0)	0.0 (0.0-1.0)	0.0 (0.0-1.0)	0.0 (0.0-1.0)	0.0 (0.0-0.0)	0.0 (0.0-0.0)	0.0 (0.0-1.0)	

Diagnosed hypertension	  3751584 (21.6)	  2283664 (24.0)	   19,856 (25.2)	  168,437 (12.6)	    6,244 (15.9)	    4,849 (14.6)	    3,353 (9.8)	    6,362 (10.0)	   84,781 (19.6)	   45,614 (15.1)	   10,232 (14.6)	   32,903 (14.8)	   26,392 (31.9)	   31,717 (16.7)	   11,704 (17.1)	    7,253 (7.0)	   24,632 (11.3)	  983,591 (21.5)	


Chronic Cardiac Diseases	  1215564 (7.0)	  763,759 (8.0)	    7,000 (8.9)	   49,085 (3.7)	    1,336 (3.4)	      736 (2.2)	    1,005 (2.9)	    1,700 (2.7)	   24,875 (5.8)	   17,615 (5.8)	    3,333 (4.8)	    8,218 (3.7)	    5,252 (6.3)	    4,063 (2.1)	    1,886 (2.8)	    1,435 (1.4)	    6,778 (3.1)	  317,488 (6.9)	


Stroke	  385,499 (2.2)	  244,819 (2.6)	    2,434 (3.1)	   14,638 (1.1)	      502 (1.3)	      267 (0.8)	      287 (0.8)	      485 (0.8)	    5,837 (1.4)	    3,917 (1.3)	      799 (1.1)	    1,987 (0.9)	    2,184 (2.6)	    1,553 (0.8)	      740 (1.1)	      492 (0.5)	    1,741 (0.8)	  102,817 (2.2)	


CKD defined by egfr<60	  1008051 (5.8)	  629,599 (6.6)	    5,482 (7.0)	   33,083 (2.5)	    1,613 (4.1)	      793 (2.4)	      499 (1.5)	      926 (1.4)	   13,611 (3.1)	    8,838 (2.9)	    1,635 (2.3)	    4,054 (1.8)	    8,406 (10.1)	    4,460 (2.3)	    2,307 (3.4)	      974 (0.9)	    3,895 (1.8)	  287,876 (6.3)	


end stage renal failure	   25,522 (0.1)	   13,614 (0.1)	      110 (0.1)	    1,020 (0.1)	       73 (0.2)	       38 (0.1)	       37 (0.1)	       71 (0.1)	    1,084 (0.3)	      799 (0.3)	      137 (0.2)	      393 (0.2)	      331 (0.4)	      390 (0.2)	      160 (0.2)	       81 (0.1)	      272 (0.1)	    6,912 (0.2)	


Cancer	  991,110 (5.7)	  645,007 (6.8)	    5,770 (7.3)	   42,355 (3.2)	    1,080 (2.8)	      677 (2.0)	      669 (1.9)	    1,311 (2.1)	    9,453 (2.2)	    5,389 (1.8)	      906 (1.3)	    4,157 (1.9)	    4,488 (5.4)	    3,195 (1.7)	    1,614 (2.4)	    1,766 (1.7)	    4,909 (2.3)	  258,364 (5.6)	


Autoimmune disease	  895,260 (5.2)	  571,681 (6.0)	    5,115 (6.5)	   42,282 (3.2)	    1,262 (3.2)	      650 (2.0)	    1,175 (3.4)	    1,909 (3.0)	   16,639 (3.9)	   11,612 (3.9)	    2,690 (3.8)	    6,436 (2.9)	    2,691 (3.2)	    2,620 (1.4)	    1,622 (2.4)	    1,765 (1.7)	    5,756 (2.6)	  219,355 (4.8)	


Immunosuppressed (perm or temp)	   93,490 (0.5)	   47,885 (0.5)	      549 (0.7)	    5,956 (0.4)	      404 (1.0)	    1,053 (3.2)	      164 (0.5)	      500 (0.8)	    1,978 (0.5)	    1,354 (0.4)	      207 (0.3)	    1,066 (0.5)	    1,337 (1.6)	    7,301 (3.8)	    1,462 (2.1)	      236 (0.2)	    1,191 (0.5)	   20,847 (0.5)	


Chronic liver disease	  105,725 (0.6)	   62,759 (0.7)	      779 (1.0)	    7,067 (0.5)	      154 (0.4)	      281 (0.8)	      184 (0.5)	      278 (0.4)	    2,061 (0.5)	    2,052 (0.7)	      342 (0.5)	    1,233 (0.6)	      400 (0.5)	    2,102 (1.1)	      549 (0.8)	    1,175 (1.1)	    1,276 (0.6)	   23,033 (0.5)	


Dementia	   45,061 (0.3)	   28,693 (0.3)	      408 (0.5)	    1,574 (0.1)	       61 (0.2)	       15 (0.0)	       16 (0.0)	       35 (0.1)	      592 (0.1)	      379 (0.1)	      110 (0.2)	      176 (0.1)	      407 (0.5)	      126 (0.1)	       66 (0.1)	       47 (0.0)	      189 (0.1)	   12,167 (0.3)	


Neurological disease	  176,220 (1.0)	  113,115 (1.2)	      875 (1.1)	    7,200 (0.5)	      286 (0.7)	      126 (0.4)	      176 (0.5)	      328 (0.5)	    2,531 (0.6)	    2,134 (0.7)	      276 (0.4)	      918 (0.4)	      831 (1.0)	      740 (0.4)	      426 (0.6)	      210 (0.2)	      975 (0.4)	   45,073 (1.0)	


Asthma category	  2671539 (15.4)	  1683602 (17.7)	   10,879 (13.8)	  102,568 (7.6)	    8,517 (21.7)	    3,539 (10.6)	    5,108 (14.9)	    8,645 (13.5)	   49,137 (11.4)	   45,022 (14.9)	    9,301 (13.3)	   22,369 (10.1)	   14,276 (17.2)	   14,415 (7.6)	    8,718 (12.8)	    4,930 (4.7)	   17,510 (8.1)	  663,003 (14.5)	


Chronic Respiratory Diseases	  728,566 (4.2)	  501,886 (5.3)	    5,475 (7.0)	   27,779 (2.1)	      675 (1.7)	      331 (1.0)	      469 (1.4)	      827 (1.3)	    7,033 (1.6)	    6,559 (2.2)	    1,082 (1.5)	    2,825 (1.3)	    2,376 (2.9)	    1,670 (0.9)	      993 (1.5)	      569 (0.5)	    2,997 (1.4)	  165,020 (3.6)	


BP med in last 12 months	   31,989 (0.2)	   16,976 (0.2)	      182 (0.2)	    2,146 (0.2)	      101 (0.3)	       54 (0.2)	       48 (0.1)	       87 (0.1)	    1,251 (0.3)	      567 (0.2)	      104 (0.1)	      398 (0.2)	      504 (0.6)	      446 (0.2)	      176 (0.3)	       68 (0.1)	      381 (0.2)	    8,500 (0.2)	

Statin in last 12 months	  2934599 (16.9)	  1829763 (19.2)	   16,858 (21.4)	  118,455 (8.8)	    3,296 (8.4)	    2,270 (6.8)	    2,769 (8.1)	    4,436 (6.9)	   76,811 (17.8)	   51,020 (16.9)	   12,804 (18.3)	   29,667 (13.4)	   14,800 (17.9)	   13,890 (7.3)	    5,726 (8.4)	    4,820 (4.6)	   19,236 (8.9)	  727,978 (15.9)	

Insulin in last 12 months	  259,432 (1.5)	  154,700 (1.6)	      938 (1.2)	   11,215 (0.8)	      589 (1.5)	      411 (1.2)	      312 (0.9)	      600 (0.9)	    7,659 (1.8)	    7,008 (2.3)	    1,632 (2.3)	    2,803 (1.3)	    2,457 (3.0)	    2,361 (1.2)	      960 (1.4)	      386 (0.4)	    1,948 (0.9)	   63,453 (1.4)	

Diabetes type (Exeter definition)
0	 1.60e+07 (92.4)	  8761372 (92.1)	   73,216 (93.0)	  1286532 (95.9)	   36,406 (92.7)	   31,161 (93.7)	   32,308 (94.1)	   60,693 (95.0)	  372,973 (86.3)	  257,571 (85.4)	   59,037 (84.4)	  199,659 (89.9)	   69,959 (84.5)	  175,823 (92.4)	   63,005 (92.3)	  100,503 (96.7)	  204,714 (94.2)	  4256692 (93.1)	
1	   77,350 (0.4)	   48,523 (0.5)	      287 (0.4)	    3,759 (0.3)	      170 (0.4)	      100 (0.3)	      101 (0.3)	      179 (0.3)	      923 (0.2)	      799 (0.3)	      126 (0.2)	      342 (0.2)	      303 (0.4)	      556 (0.3)	      201 (0.3)	       66 (0.1)	      464 (0.2)	   20,451 (0.4)	
2	  1247682 (7.2)	  703,414 (7.4)	    5,241 (6.7)	   51,000 (3.8)	    2,695 (6.9)	    1,979 (6.0)	    1,914 (5.6)	    3,011 (4.7)	   58,276 (13.5)	   43,226 (14.3)	   10,810 (15.4)	   22,197 (10.0)	   12,573 (15.2)	   13,977 (7.3)	    5,088 (7.5)	    3,394 (3.3)	   12,038 (5.5)	  296,849 (6.5)	

