Table 1: Demographic and Clinical Characteristics
	Total	White	South Asian	Black	Mixed	Other	Unknown

1	 1.74e+07 (100.0)	 1.09e+07 (100.0)	  1025939 (100.0)	  341,485 (100.0)	  170,717 (100.0)	  321,179 (100.0)	  4573992 (100.0)	

Age (years)
Mean (SD)	49.8 (18.7)	51.3 (18.3)	43.0 (15.5)	43.8 (15.6)	40.0 (14.9)	40.3 (15.0)	49.0 (20.2)	
Median (IQR)	49.0 (34.0-64.0)	51.0 (36.0-66.0)	40.0 (32.0-52.0)	43.0 (32.0-54.0)	38.0 (28.0-50.0)	38.0 (28.0-49.0)	49.0 (31.0-64.0)	

Male
0	  8692764 (50.1)	  5688541 (52.0)	  490,973 (47.9)	  170,098 (49.8)	   87,799 (51.4)	  158,074 (49.2)	  2097279 (45.9)	
1	  8673892 (49.9)	  5244803 (48.0)	  534,966 (52.1)	  171,387 (50.2)	   82,918 (48.6)	  163,105 (50.8)	  2476713 (54.1)	

Index of Multiple Deprivation (IMD)
1	  3509990 (20.2)	  2305152 (21.1)	   87,863 (8.6)	   22,745 (6.7)	   22,279 (13.1)	   43,265 (13.5)	  1028686 (22.5)	
2	  3497116 (20.1)	  2302905 (21.1)	  114,605 (11.2)	   34,704 (10.2)	   27,299 (16.0)	   54,708 (17.0)	  962,895 (21.1)	
3	  3504303 (20.2)	  2232432 (20.4)	  189,614 (18.5)	   54,912 (16.1)	   32,312 (18.9)	   60,967 (19.0)	  934,066 (20.4)	
4	  3498950 (20.1)	  2125097 (19.4)	  295,459 (28.8)	   91,100 (26.7)	   40,601 (23.8)	   79,740 (24.8)	  866,953 (19.0)	
5	  3356297 (19.3)	  1967758 (18.0)	  338,398 (33.0)	  138,024 (40.4)	   48,226 (28.2)	   82,499 (25.7)	  781,392 (17.1)	

# people in household
Mean (SD)	4.4 (45.2)	4.2 (47.5)	6.4 (44.6)	4.7 (32.1)	7.7 (62.7)	15.9 (106.5)	3.4 (29.7)	
Median (IQR)	2.0 (1.0-4.0)	2.0 (1.0-3.0)	4.0 (2.0-6.0)	3.0 (1.0-5.0)	3.0 (1.0-4.0)	3.0 (1.0-5.0)	2.0 (1.0-4.0)	

Number of people in household
1	  7533408 (43.4)	  5169700 (47.3)	  209,599 (20.4)	  118,164 (34.6)	   62,417 (36.6)	  118,594 (36.9)	  1854934 (40.6)	
2	  6166295 (35.5)	  3762179 (34.4)	  430,932 (42.0)	  135,543 (39.7)	   69,564 (40.7)	  117,587 (36.6)	  1650490 (36.1)	
3	  992,375 (5.7)	  443,780 (4.1)	  221,312 (21.6)	   50,678 (14.8)	   18,183 (10.7)	   39,841 (12.4)	  218,581 (4.8)	
4	  169,045 (1.0)	   75,056 (0.7)	   41,039 (4.0)	    6,486 (1.9)	    3,475 (2.0)	   14,228 (4.4)	   28,761 (0.6)	
5	   78,124 (0.4)	   55,366 (0.5)	      620 (0.1)	      573 (0.2)	      233 (0.1)	      391 (0.1)	   20,941 (0.5)	
.	        0 (0.0)	        0 (0.0)	        0 (0.0)	        0 (0.0)	        0 (0.0)	        0 (0.0)	        0 (0.0)	
.	        0 (0.0)	        0 (0.0)	        0 (0.0)	        0 (0.0)	        0 (0.0)	        0 (0.0)	        0 (0.0)	
.	        0 (0.0)	        0 (0.0)	        0 (0.0)	        0 (0.0)	        0 (0.0)	        0 (0.0)	        0 (0.0)	
9	  2427409 (14.0)	  1427263 (13.1)	  122,437 (11.9)	   30,041 (8.8)	   16,845 (9.9)	   30,538 (9.5)	  800,285 (17.5)	
.	        0 (0.0)	        0 (0.0)	        0 (0.0)	        0 (0.0)	        0 (0.0)	        0 (0.0)	        0 (0.0)	

Number of GP consultations in the 12 months prior to baseline
Mean (SD)	5.9 (8.5)	6.4 (9.0)	6.0 (8.6)	5.4 (8.2)	5.2 (8.5)	3.8 (7.1)	4.8 (7.1)	
Median (IQR)	3.0 (1.0-8.0)	4.0 (1.0-8.0)	3.0 (0.0-8.0)	3.0 (0.0-7.0)	2.0 (0.0-7.0)	1.0 (0.0-5.0)	2.0 (0.0-7.0)	

Smoking status (missing set to non)
1	  8688519 (50.0)	  4906542 (44.9)	  751,466 (73.2)	  233,284 (68.3)	   96,482 (56.5)	  208,638 (65.0)	  2492107 (54.5)	
2	  5721666 (32.9)	  4065662 (37.2)	  159,232 (15.5)	   63,466 (18.6)	   39,875 (23.4)	   58,905 (18.3)	  1334526 (29.2)	
3	  2956471 (17.0)	  1961140 (17.9)	  115,241 (11.2)	   44,735 (13.1)	   34,360 (20.1)	   53,636 (16.7)	  747,359 (16.3)	

Body Mass Index (BMI, kg/m2)
Mean (SD)	27.4 (5.7)	27.4 (5.7)	26.6 (5.1)	28.0 (5.7)	26.8 (5.7)	25.2 (5.1)	27.7 (5.9)	
Median (IQR)	26.6 (23.4-30.5)	26.6 (23.4-30.5)	26.0 (23.0-29.4)	27.3 (24.0-31.2)	25.8 (22.7-29.8)	24.4 (21.5-28.0)	26.9 (23.5-31.0)	

BMI with SA categories
1	  301,491 (1.7)	  184,857 (1.7)	   26,167 (2.6)	    5,057 (1.5)	    3,808 (2.2)	   11,875 (3.7)	   69,727 (1.5)	
2	  4602241 (26.5)	  3256823 (29.8)	  176,348 (17.2)	   81,448 (23.9)	   53,758 (31.5)	  120,391 (37.5)	  913,473 (20.0)	
3	  4684840 (27.0)	  3232629 (29.6)	  313,638 (30.6)	   97,402 (28.5)	   42,952 (25.2)	   71,552 (22.3)	  926,667 (20.3)	
4	  2465938 (14.2)	  1638969 (15.0)	  212,901 (20.8)	   54,983 (16.1)	   20,699 (12.1)	   27,260 (8.5)	  511,126 (11.2)	
5	  952,019 (5.5)	  633,255 (5.8)	   71,469 (7.0)	   21,413 (6.3)	    7,840 (4.6)	    8,367 (2.6)	  209,675 (4.6)	
6	  475,161 (2.7)	  318,993 (2.9)	   28,831 (2.8)	   10,293 (3.0)	    4,079 (2.4)	    3,511 (1.1)	  109,454 (2.4)	
7	  3884966 (22.4)	  1667818 (15.3)	  196,585 (19.2)	   70,889 (20.8)	   37,581 (22.0)	   78,223 (24.4)	  1833870 (40.1)	

HbA1c %
Mean (SD)	5.9 (1.0)	5.8 (1.0)	6.1 (1.2)	6.0 (1.2)	5.9 (1.1)	5.8 (1.0)	5.9 (1.0)	
Median (IQR)	5.6 (5.4-6.0)	5.6 (5.4-6.0)	5.8 (5.4-6.3)	5.7 (5.4-6.2)	5.6 (5.4-6.0)	5.6 (5.4-6.0)	5.6 (5.4-6.1)	

HbA1c mmo/mol
Mean (SD)	41.0 (93.3)	40.4 (62.0)	44.3 (218.1)	42.8 (138.8)	40.5 (12.0)	40.2 (10.7)	41.4 (105.3)	
Median (IQR)	38.0 (35.0-42.0)	38.0 (35.0-42.0)	40.0 (36.0-45.0)	39.0 (36.0-44.0)	38.0 (35.0-42.0)	38.0 (35.0-42.0)	38.0 (35.0-43.0)	

HbA1c category
0	  6750446 (38.9)	  4578624 (41.9)	  424,521 (41.4)	  127,388 (37.3)	   54,829 (32.1)	   92,704 (28.9)	  1472380 (32.2)	
1	  587,498 (3.4)	  354,175 (3.2)	   64,468 (6.3)	   15,348 (4.5)	    4,521 (2.6)	    7,715 (2.4)	  141,271 (3.1)	
2	  156,925 (0.9)	   95,116 (0.9)	   17,141 (1.7)	    3,394 (1.0)	    1,149 (0.7)	    1,842 (0.6)	   38,283 (0.8)	
3	  170,454 (1.0)	  104,149 (1.0)	   18,341 (1.8)	    3,579 (1.0)	    1,233 (0.7)	    1,973 (0.6)	   41,179 (0.9)	
4	  191,894 (1.1)	  117,061 (1.1)	   21,080 (2.1)	    5,428 (1.6)	    1,690 (1.0)	    2,225 (0.7)	   44,410 (1.0)	
5	  9509439 (54.8)	  5684219 (52.0)	  480,388 (46.8)	  186,348 (54.6)	  107,295 (62.8)	  214,720 (66.9)	  2836469 (62.0)	

Systolic BP
Mean (SD)	128.0 (15.7)	128.3 (15.5)	123.8 (15.4)	127.1 (16.0)	124.0 (15.3)	122.5 (15.4)	129.0 (15.9)	
Median (IQR)	128.0 (118.0-138.0)	129.0 (119.0-138.0)	123.0 (113.0-134.0)	127.0 (117.0-137.0)	123.0 (113.0-134.0)	122.0 (111.0-132.0)	130.0 (120.0-139.0)	

Diastolic BP
Mean (SD)	76.8 (9.9)	76.8 (9.8)	76.5 (9.7)	78.0 (10.3)	76.6 (10.1)	75.8 (10.0)	76.7 (10.0)	
Median (IQR)	78.0 (70.0-82.0)	78.0 (70.0-82.0)	77.0 (70.0-82.0)	78.0 (71.0-84.0)	77.0 (70.0-82.0)	76.0 (70.0-82.0)	78.0 (70.0-82.0)	

Blood pressure four levels non-missing
1	  2675205 (15.4)	  1734637 (15.9)	  211,257 (20.6)	   56,907 (16.7)	   32,769 (19.2)	   57,581 (17.9)	  582,054 (12.7)	
2	  1831616 (10.5)	  1235087 (11.3)	   99,388 (9.7)	   32,170 (9.4)	   15,743 (9.2)	   23,660 (7.4)	  425,568 (9.3)	
3	  4291513 (24.7)	  2895099 (26.5)	  239,122 (23.3)	   80,768 (23.7)	   35,221 (20.6)	   53,542 (16.7)	  987,761 (21.6)	
4	  3029303 (17.4)	  2038860 (18.6)	  120,525 (11.7)	   54,146 (15.9)	   19,059 (11.2)	   26,499 (8.3)	  770,214 (16.8)	
5	  5539019 (31.9)	  3029661 (27.7)	  355,647 (34.7)	  117,494 (34.4)	   67,925 (39.8)	  159,897 (49.8)	  1808395 (39.5)	

Diabetes Type
0	 1.56e+07 (90.1)	  9891539 (90.5)	  834,861 (81.4)	  292,622 (85.7)	  156,073 (91.4)	  295,448 (92.0)	  4172796 (91.2)	
1	   88,788 (0.5)	   60,295 (0.6)	    2,511 (0.2)	    1,369 (0.4)	      637 (0.4)	      642 (0.2)	   23,334 (0.5)	
2	  1249552 (7.2)	  758,407 (6.9)	  135,950 (13.3)	   31,766 (9.3)	    9,662 (5.7)	   15,614 (4.9)	  298,153 (6.5)	
3	  384,977 (2.2)	  223,103 (2.0)	   52,617 (5.1)	   15,728 (4.6)	    4,345 (2.5)	    9,475 (3.0)	   79,709 (1.7)	

Count of co-morbid conditions
Mean (SD)	0.6 (0.9)	0.7 (0.9)	0.4 (0.8)	0.5 (0.8)	0.4 (0.7)	0.3 (0.6)	0.6 (0.9)	
Median (IQR)	0.0 (0.0-1.0)	0.0 (0.0-1.0)	0.0 (0.0-1.0)	0.0 (0.0-1.0)	0.0 (0.0-1.0)	0.0 (0.0-0.0)	0.0 (0.0-1.0)	

Diagnosed hypertension	  3751584 (21.6)	  2471957 (22.6)	  173,530 (16.9)	   69,813 (20.4)	   20,808 (12.2)	   31,885 (9.9)	  983,591 (21.5)	


Chronic Cardiac Diseases	  1215564 (7.0)	  819,844 (7.5)	   54,041 (5.3)	   11,201 (3.3)	    4,777 (2.8)	    8,213 (2.6)	  317,488 (6.9)	


Stroke	  385,499 (2.2)	  261,891 (2.4)	   12,540 (1.2)	    4,477 (1.3)	    1,541 (0.9)	    2,233 (0.7)	  102,817 (2.2)	


CKD defined by egfr<60	  1008051 (5.8)	  668,164 (6.1)	   28,138 (2.7)	   15,173 (4.4)	    3,831 (2.2)	    4,869 (1.5)	  287,876 (6.3)	


end stage renal failure	   25,522 (0.1)	   14,744 (0.1)	    2,413 (0.2)	      881 (0.3)	      219 (0.1)	      353 (0.1)	    6,912 (0.2)	


Cancer	  991,110 (5.7)	  693,132 (6.3)	   19,905 (1.9)	    9,297 (2.7)	    3,737 (2.2)	    6,675 (2.1)	  258,364 (5.6)	


Autoimmune disease	  895,260 (5.2)	  619,078 (5.7)	   37,377 (3.6)	    6,933 (2.0)	    4,996 (2.9)	    7,521 (2.3)	  219,355 (4.8)	


Immunosuppressed (perm or temp)	   93,490 (0.5)	   54,390 (0.5)	    4,605 (0.4)	   10,100 (3.0)	    2,121 (1.2)	    1,427 (0.4)	   20,847 (0.5)	


Chronic liver disease	  105,725 (0.6)	   70,605 (0.6)	    5,688 (0.6)	    3,051 (0.9)	      897 (0.5)	    2,451 (0.8)	   23,033 (0.5)	


Dementia	   45,061 (0.3)	   30,675 (0.3)	    1,257 (0.1)	      599 (0.2)	      127 (0.1)	      236 (0.1)	   12,167 (0.3)	


Neurological disease	  176,220 (1.0)	  121,190 (1.1)	    5,859 (0.6)	    1,997 (0.6)	      916 (0.5)	    1,185 (0.4)	   45,073 (1.0)	


Asthma category	  2671539 (15.4)	  1797049 (16.4)	  125,829 (12.3)	   37,409 (11.0)	   25,809 (15.1)	   22,440 (7.0)	  663,003 (14.5)	


Chronic Respiratory Diseases	  728,566 (4.2)	  535,140 (4.9)	   17,499 (1.7)	    5,039 (1.5)	    2,302 (1.3)	    3,566 (1.1)	  165,020 (3.6)	


BP med in last 12 months	   31,989 (0.2)	   19,304 (0.2)	    2,320 (0.2)	    1,126 (0.3)	      290 (0.2)	      449 (0.1)	    8,500 (0.2)	

Statin in last 12 months	  2934599 (16.9)	  1965076 (18.0)	  170,302 (16.6)	   34,416 (10.1)	   12,771 (7.5)	   24,056 (7.5)	  727,978 (15.9)	

Insulin in last 12 months	  259,432 (1.5)	  166,853 (1.5)	   19,102 (1.9)	    5,778 (1.7)	    1,912 (1.1)	    2,334 (0.7)	   63,453 (1.4)	

Household status is a prison
0	 1.74e+07 (100.0)	 1.09e+07 (100.0)	  1025808 (100.0)	  341,383 (100.0)	  170,658 (100.0)	  321,149 (100.0)	  4573448 (100.0)	
1	    2,482 (0.0)	    1,616 (0.0)	      131 (0.0)	      102 (0.0)	       59 (0.0)	       30 (0.0)	      544 (0.0)	
.	        0 (0.0)	        0 (0.0)	        0 (0.0)	        0 (0.0)	        0 (0.0)	        0 (0.0)	        0 (0.0)	

Diabetes type (Exeter definition)
0	 1.60e+07 (92.4)	 1.01e+07 (92.6)	  889,240 (86.7)	  308,787 (90.4)	  160,568 (94.1)	  305,217 (95.0)	  4256692 (93.1)	
1	   77,350 (0.4)	   52,569 (0.5)	    2,190 (0.2)	    1,060 (0.3)	      550 (0.3)	      530 (0.2)	   20,451 (0.4)	
2	  1247682 (7.2)	  759,655 (6.9)	  134,509 (13.1)	   31,638 (9.3)	    9,599 (5.6)	   15,432 (4.8)	  296,849 (6.5)	

