Table 2: Association between ethnicity in 16 categories and COVID-19 outcomes - No care homes
	Denominator	Event	Total person-weeks	Rate per 1,000	Crude		Age/Sex Adjusted		Age/Sex/IMD Adjusted		plus co-morbidities		plus hh siz		
					HR	95% CI	HR	95% CI	HR	95% CI	HR	95% CI	HR	95% CI		
tested
British	9461409	713121	 243049673	2.93	1.00		1.00		1.00		1.00		1.00
Irish	78170	6160	   2004378	3.07	1.08	(1.06 - 1.11)	1.06	(1.04 - 1.09)	1.05	(1.03 - 1.08)	1.06	(1.04 - 1.09)	1.06	(1.04 - 1.09)
Other White	1338399	73900	  34637470	2.13	0.74	(0.73 - 0.75)	0.74	(0.74 - 0.75)	0.73	(0.73 - 0.74)	0.81	(0.80 - 0.81)	0.80	(0.80 - 0.81)
White + Caribbean	39208	2838	   4391857	0.65	0.97	(0.94 - 1.01)	0.99	(0.95 - 1.03)	0.96	(0.93 - 1.00)	0.96	(0.92 - 0.99)	0.96	(0.92 - 0.99)
White + African	33194	2619	   4391857	0.60	1.06	(1.02 - 1.10)	1.10	(1.06 - 1.14)	1.07	(1.03 - 1.11)	1.15	(1.11 - 1.19)	1.15	(1.10 - 1.19)
White + Asian	34264	2608	   4391857	0.59	1.01	(0.97 - 1.05)	1.04	(1.00 - 1.08)	1.03	(1.00 - 1.08)	1.08	(1.04 - 1.12)	1.07	(1.03 - 1.12)
Other mixed	63818	4061	   4391857	0.92	0.86	(0.84 - 0.89)	0.88	(0.86 - 0.91)	0.87	(0.84 - 0.90)	0.92	(0.89 - 0.95)	0.91	(0.89 - 0.94)
Indian	431814	40231	  11082753	3.63	1.13	(1.12 - 1.14)	1.15	(1.14 - 1.17)	1.13	(1.12 - 1.14)	1.17	(1.16 - 1.18)	1.15	(1.14 - 1.16)
Pakistani	301496	21952	   7779144	2.82	0.99	(0.98 - 1.01)	1.02	(1.00 - 1.03)	0.97	(0.96 - 0.99)	0.95	(0.94 - 0.96)	0.94	(0.93 - 0.96)
Bangladeshi	69959	3924	   1812056	2.17	0.73	(0.70 - 0.75)	0.75	(0.72 - 0.77)	0.71	(0.69 - 0.74)	0.70	(0.68 - 0.72)	0.70	(0.67 - 0.72)
Other Asian	222050	16540	   5702574	2.90	1.01	(1.00 - 1.03)	1.04	(1.02 - 1.05)	1.01	(1.00 - 1.03)	1.07	(1.05 - 1.08)	1.06	(1.04 - 1.07)
Caribbean	82561	5972	   2119646	2.82	1.00	(0.97 - 1.03)	1.00	(0.98 - 1.03)	0.97	(0.94 - 0.99)	0.97	(0.95 - 1.00)	0.97	(0.95 - 1.00)
African	190164	14623	   4885250	2.99	1.02	(1.00 - 1.04)	1.06	(1.04 - 1.08)	1.02	(1.00 - 1.04)	1.10	(1.08 - 1.12)	1.09	(1.08 - 1.11)
Other Black	68187	4710	   1755952	2.68	0.93	(0.90 - 0.96)	0.97	(0.94 - 1.00)	0.93	(0.91 - 0.96)	0.97	(0.94 - 0.99)	0.96	(0.94 - 0.99)
Chinese	103892	2899	   2708883	1.07	0.36	(0.34 - 0.37)	0.37	(0.35 - 0.38)	0.37	(0.35 - 0.38)	0.46	(0.44 - 0.47)	0.45	(0.43 - 0.46)
Other	216896	12925	   5603501	2.31	0.80	(0.79 - 0.82)	0.83	(0.81 - 0.84)	0.81	(0.80 - 0.82)	0.88	(0.86 - 0.89)	0.87	(0.86 - 0.89)
Unknown	4553051	287718	 117362962	2.45	0.84	(0.83 - 0.84)	0.86	(0.85 - 0.86)	0.86	(0.85 - 0.86)	0.95	(0.95 - 0.96)	0.95	(0.95 - 0.96)
positivetest
British	9461409	36214	 247555566	0.15	1.00		1.00		1.00		1.00		1.00
Irish	78170	335	   2042922	0.16	1.24	(1.11 - 1.38)	1.17	(1.05 - 1.30)	1.14	(1.03 - 1.27)	1.16	(1.04 - 1.29)	1.15	(1.04 - 1.29)
Other White	1338399	4631	  35086553	0.13	0.99	(0.96 - 1.02)	1.09	(1.06 - 1.13)	1.04	(1.01 - 1.08)	1.15	(1.12 - 1.19)	1.12	(1.08 - 1.16)
White + Caribbean	39208	171	   4467626	0.04	1.17	(1.01 - 1.36)	1.35	(1.16 - 1.57)	1.26	(1.09 - 1.47)	1.25	(1.07 - 1.45)	1.24	(1.07 - 1.45)
White + African	33194	223	   4467626	0.05	1.82	(1.60 - 2.08)	2.16	(1.89 - 2.46)	2.01	(1.76 - 2.29)	1.99	(1.74 - 2.27)	1.92	(1.69 - 2.20)
White + Asian	34264	192	   4467626	0.04	1.55	(1.34 - 1.78)	1.84	(1.60 - 2.12)	1.80	(1.56 - 2.08)	1.82	(1.58 - 2.10)	1.77	(1.53 - 2.04)
Other mixed	63818	254	   4467626	0.06	1.15	(1.01 - 1.30)	1.36	(1.20 - 1.54)	1.30	(1.15 - 1.47)	1.35	(1.19 - 1.53)	1.32	(1.17 - 1.49)
Indian	431814	4035	  11294865	0.36	2.36	(2.28 - 2.45)	2.60	(2.51 - 2.69)	2.46	(2.37 - 2.55)	2.24	(2.17 - 2.33)	2.08	(2.00 - 2.15)
Pakistani	301496	3466	   7887358	0.44	2.65	(2.56 - 2.75)	3.02	(2.91 - 3.13)	2.70	(2.60 - 2.80)	2.29	(2.21 - 2.38)	2.07	(1.99 - 2.15)
Bangladeshi	69959	366	   1833531	0.20	1.33	(1.20 - 1.48)	1.55	(1.39 - 1.72)	1.38	(1.24 - 1.53)	1.20	(1.08 - 1.33)	1.10	(0.99 - 1.22)
Other Asian	222050	1812	   5809787	0.31	2.32	(2.21 - 2.43)	2.66	(2.54 - 2.79)	2.51	(2.40 - 2.64)	2.38	(2.27 - 2.50)	2.24	(2.13 - 2.35)
Caribbean	82561	530	   2157047	0.25	1.78	(1.64 - 1.94)	1.80	(1.65 - 1.96)	1.64	(1.50 - 1.78)	1.54	(1.41 - 1.68)	1.53	(1.40 - 1.67)
African	190164	1390	   4977411	0.28	1.95	(1.85 - 2.06)	2.31	(2.19 - 2.44)	2.09	(1.97 - 2.20)	2.00	(1.89 - 2.11)	1.91	(1.80 - 2.02)
Other Black	68187	366	   1785905	0.20	1.48	(1.33 - 1.64)	1.74	(1.57 - 1.93)	1.59	(1.43 - 1.76)	1.53	(1.38 - 1.69)	1.48	(1.33 - 1.64)
Chinese	103892	140	   2727906	0.05	0.37	(0.31 - 0.44)	0.45	(0.38 - 0.53)	0.45	(0.38 - 0.53)	0.52	(0.44 - 0.61)	0.49	(0.42 - 0.58)
Other	216896	1073	   5683366	0.19	1.40	(1.31 - 1.48)	1.62	(1.52 - 1.72)	1.52	(1.43 - 1.62)	1.60	(1.50 - 1.70)	1.53	(1.44 - 1.63)
Unknown	4553051	16048	 119162907	0.13	0.97	(0.95 - 0.99)	1.00	(0.99 - 1.02)	1.01	(0.99 - 1.02)	1.08	(1.06 - 1.10)	1.07	(1.05 - 1.09)
icu
British	9461409	1495	 242573385	0.01	1.00		1.00		1.00		1.00		1.00
Irish	78170	.	   2002314	  .	0.37	(0.15 - 0.88)	0.37	(0.15 - 0.88)	0.36	(0.15 - 0.86)	0.38	(0.16 - 0.91)	0.38	(0.16 - 0.91)
Other White	1338399	185	  34373042	0.01	0.83	(0.71 - 0.97)	1.31	(1.12 - 1.53)	1.25	(1.07 - 1.47)	1.46	(1.25 - 1.71)	1.43	(1.23 - 1.68)
White + Caribbean	39208	11	   4379920	0.00	1.61	(0.89 - 2.91)	2.63	(1.45 - 4.77)	2.44	(1.34 - 4.42)	2.34	(1.29 - 4.24)	2.32	(1.28 - 4.21)
White + African	33194	21	   4379920	0.00	3.60	(2.34 - 5.55)	5.72	(3.71 - 8.81)	5.25	(3.40 - 8.09)	5.08	(3.30 - 7.84)	4.93	(3.19 - 7.60)
White + Asian	34264	10	   4379920	0.00	1.74	(0.94 - 3.25)	3.18	(1.70 - 5.92)	3.10	(1.66 - 5.77)	3.39	(1.82 - 6.32)	3.31	(1.77 - 6.17)
Other mixed	63818	14	   4379920	0.00	1.27	(0.75 - 2.15)	2.34	(1.38 - 3.97)	2.23	(1.31 - 3.78)	2.39	(1.41 - 4.06)	2.34	(1.38 - 3.97)
Indian	431814	161	  11086065	0.01	2.19	(1.84 - 2.60)	2.93	(2.46 - 3.48)	2.78	(2.33 - 3.30)	2.23	(1.87 - 2.67)	2.10	(1.76 - 2.52)
Pakistani	301496	118	   7741924	0.02	2.21	(1.82 - 2.68)	3.54	(2.92 - 4.30)	3.13	(2.57 - 3.81)	2.21	(1.81 - 2.69)	2.03	(1.65 - 2.49)
Bangladeshi	69959	25	   1796746	0.01	1.96	(1.31 - 2.91)	3.51	(2.35 - 5.22)	3.08	(2.06 - 4.60)	2.46	(1.65 - 3.68)	2.27	(1.52 - 3.41)
Other Asian	222050	106	   5703089	0.02	2.71	(2.21 - 3.31)	4.18	(3.41 - 5.14)	3.93	(3.20 - 4.83)	3.36	(2.73 - 4.14)	3.19	(2.59 - 3.94)
Caribbean	82561	41	   2116003	0.02	2.66	(1.94 - 3.65)	2.77	(2.02 - 3.79)	2.50	(1.83 - 3.43)	2.31	(1.68 - 3.17)	2.30	(1.68 - 3.16)
African	190164	118	   4885113	0.02	3.39	(2.80 - 4.11)	5.26	(4.33 - 6.38)	4.69	(3.86 - 5.71)	4.37	(3.58 - 5.33)	4.20	(3.44 - 5.12)
Other Black	68187	27	   1751191	0.02	2.15	(1.47 - 3.16)	3.05	(2.08 - 4.48)	2.77	(1.89 - 4.07)	2.62	(1.78 - 3.84)	2.55	(1.74 - 3.75)
Chinese	103892	18	   2670159	0.01	1.01	(0.64 - 1.62)	2.03	(1.27 - 3.24)	2.02	(1.27 - 3.23)	3.30	(2.06 - 5.26)	3.21	(2.01 - 5.12)
Other	216896	79	   5571994	0.01	2.12	(1.68 - 2.67)	3.40	(2.70 - 4.29)	3.20	(2.53 - 4.04)	3.52	(2.79 - 4.45)	3.41	(2.70 - 4.31)
Unknown	4553051	662	 116743799	0.01	0.92	(0.84 - 1.01)	1.05	(0.96 - 1.15)	1.05	(0.96 - 1.15)	1.12	(1.02 - 1.23)	1.12	(1.02 - 1.23)
onscoviddeath
British	9461409	6992	 247964361	0.03	1.00		1.00		1.00		1.00		1.00
Irish	78170	86	   2046691	0.04	1.31	(1.06 - 1.62)	1.03	(0.83 - 1.27)	0.96	(0.77 - 1.19)	0.92	(0.74 - 1.14)	0.92	(0.74 - 1.14)
Other White	1338399	436	  35138062	0.01	0.41	(0.37 - 0.45)	0.90	(0.82 - 1.00)	0.87	(0.79 - 0.96)	0.91	(0.83 - 1.01)	0.91	(0.82 - 1.00)
White + Caribbean	39208	28	   4477775	0.01	0.83	(0.57 - 1.20)	2.02	(1.39 - 2.93)	1.77	(1.22 - 2.57)	1.62	(1.11 - 2.35)	1.62	(1.12 - 2.36)
White + African	33194	9	   4477775	0.00	0.33	(0.17 - 0.63)	1.32	(0.69 - 2.54)	1.18	(0.61 - 2.27)	1.31	(0.68 - 2.52)	1.26	(0.65 - 2.42)
White + Asian	34264	9	   4477775	0.00	0.33	(0.17 - 0.63)	1.25	(0.65 - 2.41)	1.20	(0.62 - 2.31)	1.23	(0.64 - 2.36)	1.21	(0.63 - 2.33)
Other mixed	63818	19	   4477775	0.00	0.35	(0.23 - 0.55)	1.37	(0.87 - 2.16)	1.28	(0.81 - 2.01)	1.33	(0.84 - 2.08)	1.31	(0.84 - 2.06)
Indian	431814	335	  11333543	0.03	0.86	(0.76 - 0.96)	1.59	(1.42 - 1.79)	1.46	(1.30 - 1.64)	1.41	(1.25 - 1.58)	1.29	(1.14 - 1.45)
Pakistani	301496	210	   7914889	0.03	0.79	(0.69 - 0.91)	2.07	(1.80 - 2.38)	1.69	(1.47 - 1.94)	1.35	(1.17 - 1.55)	1.03	(0.89 - 1.19)
Bangladeshi	69959	49	   1836896	0.03	0.78	(0.59 - 1.03)	2.70	(2.04 - 3.59)	2.19	(1.65 - 2.91)	1.68	(1.26 - 2.22)	1.29	(0.97 - 1.71)
Other Asian	222050	140	   5830866	0.02	0.72	(0.60 - 0.85)	1.96	(1.65 - 2.33)	1.79	(1.51 - 2.13)	1.72	(1.45 - 2.05)	1.57	(1.32 - 1.87)
Caribbean	82561	137	   2163299	0.06	1.74	(1.46 - 2.06)	1.65	(1.39 - 1.96)	1.40	(1.18 - 1.67)	1.27	(1.07 - 1.51)	1.33	(1.12 - 1.58)
African	190164	91	   4994907	0.02	0.53	(0.43 - 0.66)	2.17	(1.76 - 2.68)	1.84	(1.49 - 2.27)	1.86	(1.51 - 2.30)	1.77	(1.43 - 2.19)
Other Black	68187	40	   1790357	0.02	0.64	(0.47 - 0.88)	2.05	(1.50 - 2.80)	1.77	(1.29 - 2.42)	1.67	(1.22 - 2.28)	1.61	(1.18 - 2.20)
Chinese	103892	20	   2729685	0.01	0.24	(0.15 - 0.37)	0.88	(0.57 - 1.37)	0.86	(0.55 - 1.33)	1.03	(0.67 - 1.61)	1.05	(0.67 - 1.63)
Other	216896	87	   5696577	0.02	0.47	(0.38 - 0.58)	1.35	(1.09 - 1.68)	1.25	(1.01 - 1.55)	1.28	(1.03 - 1.59)	1.26	(1.01 - 1.56)
Unknown	4553051	2961	 119337957	0.02	0.88	(0.84 - 0.92)	0.91	(0.87 - 0.95)	0.92	(0.88 - 0.96)	0.99	(0.95 - 1.04)	1.01	(0.96 - 1.05)
ons_noncoviddeath
British	9461409	45049	 247964361	0.18	1.00		1.00		1.00		1.00		1.00
Irish	78170	475	   2046691	0.23	1.39	(1.27 - 1.53)	1.13	(1.03 - 1.24)	1.07	(0.98 - 1.18)	1.00	(0.92 - 1.10)	1.00	(0.91 - 1.09)
Other White	1338399	2576	  35138062	0.07	0.43	(0.42 - 0.45)	0.92	(0.89 - 0.96)	0.90	(0.86 - 0.93)	0.94	(0.90 - 0.97)	0.93	(0.89 - 0.97)
White + Caribbean	39208	75	   4477775	0.02	0.42	(0.34 - 0.53)	1.06	(0.84 - 1.33)	0.95	(0.76 - 1.19)	1.00	(0.80 - 1.25)	1.00	(0.80 - 1.26)
White + African	33194	30	   4477775	0.01	0.20	(0.14 - 0.29)	0.78	(0.54 - 1.11)	0.71	(0.50 - 1.02)	0.86	(0.60 - 1.23)	0.84	(0.59 - 1.21)
White + Asian	34264	25	   4477775	0.01	0.16	(0.11 - 0.24)	0.62	(0.42 - 0.91)	0.60	(0.40 - 0.89)	0.65	(0.44 - 0.96)	0.64	(0.43 - 0.95)
Other mixed	63818	48	   4477775	0.01	0.17	(0.13 - 0.23)	0.64	(0.48 - 0.85)	0.61	(0.46 - 0.81)	0.66	(0.50 - 0.88)	0.66	(0.49 - 0.87)
Indian	431814	846	  11333543	0.07	0.45	(0.42 - 0.48)	0.84	(0.78 - 0.90)	0.78	(0.73 - 0.84)	0.95	(0.88 - 1.02)	0.92	(0.85 - 0.98)
Pakistani	301496	523	   7914889	0.07	0.38	(0.35 - 0.42)	0.96	(0.88 - 1.05)	0.81	(0.74 - 0.88)	0.87	(0.80 - 0.95)	0.78	(0.71 - 0.85)
Bangladeshi	69959	91	   1836896	0.05	0.29	(0.24 - 0.36)	0.97	(0.79 - 1.19)	0.82	(0.66 - 1.00)	0.82	(0.67 - 1.01)	0.73	(0.59 - 0.90)
Other Asian	222050	263	   5830866	0.05	0.28	(0.25 - 0.31)	0.77	(0.68 - 0.87)	0.71	(0.63 - 0.81)	0.86	(0.76 - 0.97)	0.83	(0.74 - 0.94)
Caribbean	82561	346	   2163299	0.16	0.96	(0.86 - 1.06)	0.93	(0.83 - 1.03)	0.81	(0.73 - 0.90)	0.84	(0.75 - 0.93)	0.85	(0.76 - 0.95)
African	190164	161	   4994907	0.03	0.19	(0.17 - 0.23)	0.76	(0.65 - 0.89)	0.67	(0.57 - 0.78)	0.82	(0.71 - 0.96)	0.80	(0.68 - 0.93)
Other Black	68187	99	   1790357	0.06	0.33	(0.27 - 0.40)	0.99	(0.81 - 1.21)	0.88	(0.72 - 1.07)	0.91	(0.75 - 1.11)	0.89	(0.73 - 1.09)
Chinese	103892	56	   2729685	0.02	0.12	(0.09 - 0.16)	0.44	(0.34 - 0.57)	0.43	(0.33 - 0.56)	0.52	(0.40 - 0.68)	0.52	(0.40 - 0.68)
Other	216896	240	   5696577	0.04	0.25	(0.22 - 0.29)	0.73	(0.65 - 0.83)	0.69	(0.61 - 0.78)	0.74	(0.65 - 0.84)	0.73	(0.64 - 0.83)
Unknown	4553051	21017	 119337957	0.18	0.98	(0.96 - 0.99)	0.98	(0.96 - 0.99)	0.99	(0.97 - 1.00)	1.05	(1.03 - 1.07)	1.06	(1.04 - 1.08)
onsdeath
British	9461409	52041	 247964361	0.21	1.00		1.00		1.00		1.00		1.00
Irish	78170	561	   2046691	0.27	1.38	(1.27 - 1.50)	1.11	(1.02 - 1.21)	1.05	(0.97 - 1.14)	0.99	(0.91 - 1.07)	0.98	(0.90 - 1.07)
Other White	1338399	3012	  35138062	0.09	0.43	(0.41 - 0.44)	0.92	(0.89 - 0.95)	0.89	(0.86 - 0.92)	0.93	(0.90 - 0.97)	0.92	(0.89 - 0.96)
White + Caribbean	39208	103	   4477775	0.02	0.49	(0.40 - 0.59)	1.21	(1.00 - 1.47)	1.08	(0.89 - 1.32)	1.12	(0.92 - 1.36)	1.12	(0.93 - 1.36)
White + African	33194	39	   4477775	0.01	0.22	(0.16 - 0.30)	0.86	(0.62 - 1.17)	0.78	(0.57 - 1.07)	0.93	(0.68 - 1.28)	0.91	(0.67 - 1.25)
White + Asian	34264	34	   4477775	0.01	0.19	(0.13 - 0.26)	0.71	(0.51 - 0.99)	0.69	(0.49 - 0.96)	0.74	(0.53 - 1.03)	0.73	(0.52 - 1.02)
Other mixed	63818	67	   4477775	0.01	0.20	(0.16 - 0.26)	0.75	(0.59 - 0.95)	0.71	(0.56 - 0.90)	0.77	(0.60 - 0.98)	0.76	(0.60 - 0.97)
Indian	431814	1181	  11333543	0.10	0.52	(0.49 - 0.55)	0.96	(0.91 - 1.02)	0.90	(0.85 - 0.95)	1.05	(0.99 - 1.12)	1.01	(0.95 - 1.07)
Pakistani	301496	733	   7914889	0.09	0.45	(0.42 - 0.48)	1.13	(1.05 - 1.22)	0.95	(0.88 - 1.02)	0.98	(0.91 - 1.06)	0.85	(0.79 - 0.92)
Bangladeshi	69959	140	   1836896	0.08	0.37	(0.31 - 0.44)	1.25	(1.06 - 1.47)	1.04	(0.88 - 1.23)	1.01	(0.85 - 1.19)	0.87	(0.74 - 1.03)
Other Asian	222050	403	   5830866	0.07	0.35	(0.32 - 0.39)	0.97	(0.87 - 1.07)	0.90	(0.81 - 0.99)	1.05	(0.95 - 1.16)	1.01	(0.91 - 1.11)
Caribbean	82561	483	   2163299	0.22	1.09	(1.00 - 1.20)	1.06	(0.96 - 1.16)	0.92	(0.84 - 1.01)	0.93	(0.85 - 1.02)	0.95	(0.87 - 1.04)
African	190164	252	   4994907	0.05	0.25	(0.22 - 0.29)	0.99	(0.87 - 1.12)	0.86	(0.76 - 0.98)	1.03	(0.91 - 1.17)	1.00	(0.88 - 1.13)
Other Black	68187	139	   1790357	0.08	0.38	(0.32 - 0.45)	1.16	(0.98 - 1.37)	1.03	(0.87 - 1.21)	1.04	(0.88 - 1.23)	1.02	(0.86 - 1.21)
Chinese	103892	76	   2729685	0.03	0.14	(0.11 - 0.17)	0.51	(0.40 - 0.63)	0.50	(0.40 - 0.62)	0.60	(0.48 - 0.75)	0.60	(0.48 - 0.75)
Other	216896	327	   5696577	0.06	0.29	(0.26 - 0.32)	0.83	(0.75 - 0.93)	0.78	(0.70 - 0.87)	0.83	(0.75 - 0.93)	0.82	(0.74 - 0.92)
Unknown	4553051	23978	 119337957	0.20	0.96	(0.95 - 0.98)	0.97	(0.95 - 0.98)	0.98	(0.96 - 0.99)	1.04	(1.03 - 1.06)	1.05	(1.03 - 1.07)
