Table 1: Demographic and Clinical Characteristics- No care omes
	Total	White	South Asian	Black	Mixed	Other	Unknown

1	 1.73e+07 (100.0)	 1.09e+07 (100.0)	  1025319 (100.0)	  340,912 (100.0)	  170,484 (100.0)	  320,788 (100.0)	  4553051 (100.0)	

Age (years)
Mean (SD)	49.6 (18.6)	51.2 (18.2)	43.0 (15.4)	43.8 (15.5)	40.0 (14.9)	40.2 (15.0)	48.8 (20.0)	
Median (IQR)	49.0 (34.0-64.0)	51.0 (36.0-65.0)	40.0 (32.0-52.0)	43.0 (32.0-54.0)	38.0 (28.0-49.0)	38.0 (28.0-49.0)	49.0 (31.0-64.0)	

Male
0	  8638780 (50.0)	  5650496 (51.9)	  490,641 (47.9)	  169,832 (49.8)	   87,678 (51.4)	  157,832 (49.2)	  2082301 (45.7)	
1	  8649752 (50.0)	  5227482 (48.1)	  534,678 (52.1)	  171,080 (50.2)	   82,806 (48.6)	  162,956 (50.8)	  2470750 (54.3)	

Index of Multiple Deprivation (IMD)
1	  3495006 (20.2)	  2294962 (21.1)	   87,798 (8.6)	   22,716 (6.7)	   22,259 (13.1)	   43,209 (13.5)	  1024062 (22.5)	
2	  3481686 (20.1)	  2292018 (21.1)	  114,552 (11.2)	   34,646 (10.2)	   27,255 (16.0)	   54,638 (17.0)	  958,577 (21.1)	
3	  3487259 (20.2)	  2220520 (20.4)	  189,485 (18.5)	   54,731 (16.1)	   32,256 (18.9)	   60,843 (19.0)	  929,424 (20.4)	
4	  3482514 (20.1)	  2113382 (19.4)	  295,273 (28.8)	   90,963 (26.7)	   40,543 (23.8)	   79,661 (24.8)	  862,692 (18.9)	
5	  3342067 (19.3)	  1957096 (18.0)	  338,211 (33.0)	  137,856 (40.4)	   48,171 (28.3)	   82,437 (25.7)	  778,296 (17.1)	

# people in household
Mean (SD)	4.3 (45.2)	4.1 (47.5)	6.3 (44.5)	4.6 (31.4)	7.7 (62.6)	15.9 (106.5)	3.3 (29.7)	
Median (IQR)	2.0 (1.0-4.0)	2.0 (1.0-3.0)	4.0 (2.0-6.0)	3.0 (1.0-5.0)	3.0 (1.0-4.0)	3.0 (1.0-5.0)	2.0 (1.0-3.0)	

Number of people in household
1	  7533408 (43.6)	  5169700 (47.5)	  209,599 (20.4)	  118,164 (34.7)	   62,417 (36.6)	  118,594 (37.0)	  1854934 (40.7)	
2	  6166295 (35.7)	  3762179 (34.6)	  430,932 (42.0)	  135,543 (39.8)	   69,564 (40.8)	  117,587 (36.7)	  1650490 (36.3)	
3	  992,375 (5.7)	  443,780 (4.1)	  221,312 (21.6)	   50,678 (14.9)	   18,183 (10.7)	   39,841 (12.4)	  218,581 (4.8)	
4	  169,045 (1.0)	   75,056 (0.7)	   41,039 (4.0)	    6,486 (1.9)	    3,475 (2.0)	   14,228 (4.4)	   28,761 (0.6)	
.	        0 (0.0)	        0 (0.0)	        0 (0.0)	        0 (0.0)	        0 (0.0)	        0 (0.0)	        0 (0.0)	
.	        0 (0.0)	        0 (0.0)	        0 (0.0)	        0 (0.0)	        0 (0.0)	        0 (0.0)	        0 (0.0)	
.	        0 (0.0)	        0 (0.0)	        0 (0.0)	        0 (0.0)	        0 (0.0)	        0 (0.0)	        0 (0.0)	
.	        0 (0.0)	        0 (0.0)	        0 (0.0)	        0 (0.0)	        0 (0.0)	        0 (0.0)	        0 (0.0)	
9	  2427409 (14.0)	  1427263 (13.1)	  122,437 (11.9)	   30,041 (8.8)	   16,845 (9.9)	   30,538 (9.5)	  800,285 (17.6)	
.	        0 (0.0)	        0 (0.0)	        0 (0.0)	        0 (0.0)	        0 (0.0)	        0 (0.0)	        0 (0.0)	

Number of GP consultations in the 12 months prior to baseline
Mean (SD)	5.9 (8.4)	6.4 (9.0)	6.0 (8.6)	5.4 (8.1)	5.1 (8.4)	3.8 (7.1)	4.8 (7.0)	
Median (IQR)	3.0 (0.0-8.0)	4.0 (1.0-8.0)	3.0 (0.0-8.0)	3.0 (0.0-7.0)	2.0 (0.0-7.0)	1.0 (0.0-5.0)	2.0 (0.0-7.0)	

Smoking status (missing set to non)
1	  8653213 (50.1)	  4882899 (44.9)	  751,034 (73.2)	  232,984 (68.3)	   96,363 (56.5)	  208,450 (65.0)	  2481483 (54.5)	
2	  5683564 (32.9)	  4037473 (37.1)	  159,103 (15.5)	   63,290 (18.6)	   39,798 (23.3)	   58,768 (18.3)	  1325132 (29.1)	
3	  2951755 (17.1)	  1957606 (18.0)	  115,182 (11.2)	   44,638 (13.1)	   34,323 (20.1)	   53,570 (16.7)	  746,436 (16.4)	

Body Mass Index (BMI, kg/m2)
Mean (SD)	27.4 (5.7)	27.5 (5.7)	26.6 (5.1)	28.0 (5.7)	26.8 (5.7)	25.2 (5.1)	27.7 (5.9)	
Median (IQR)	26.6 (23.4-30.5)	26.6 (23.4-30.5)	26.0 (23.0-29.4)	27.3 (24.0-31.2)	25.8 (22.7-29.8)	24.4 (21.5-28.0)	26.9 (23.5-31.0)	

BMI with SA categories
1	  294,735 (1.7)	  180,046 (1.7)	   26,124 (2.5)	    5,012 (1.5)	    3,800 (2.2)	   11,844 (3.7)	   67,909 (1.5)	
2	  4571011 (26.4)	  3234076 (29.7)	  176,170 (17.2)	   81,236 (23.8)	   53,668 (31.5)	  120,216 (37.5)	  905,645 (19.9)	
3	  4666217 (27.0)	  3218869 (29.6)	  313,478 (30.6)	   97,270 (28.5)	   42,901 (25.2)	   71,463 (22.3)	  922,236 (20.3)	
4	  2457922 (14.2)	  1633030 (15.0)	  212,808 (20.8)	   54,909 (16.1)	   20,662 (12.1)	   27,228 (8.5)	  509,285 (11.2)	
5	  949,367 (5.5)	  631,273 (5.8)	   71,428 (7.0)	   21,383 (6.3)	    7,825 (4.6)	    8,355 (2.6)	  209,103 (4.6)	
6	  474,090 (2.7)	  318,199 (2.9)	   28,812 (2.8)	   10,282 (3.0)	    4,076 (2.4)	    3,505 (1.1)	  109,216 (2.4)	
7	  3875190 (22.4)	  1662485 (15.3)	  196,499 (19.2)	   70,820 (20.8)	   37,552 (22.0)	   78,177 (24.4)	  1829657 (40.2)	

HbA1c %
Mean (SD)	5.9 (1.0)	5.8 (1.0)	6.1 (1.2)	6.0 (1.2)	5.9 (1.1)	5.8 (1.0)	5.9 (1.0)	
Median (IQR)	5.6 (5.4-6.0)	5.6 (5.4-6.0)	5.8 (5.4-6.3)	5.7 (5.4-6.2)	5.6 (5.4-6.0)	5.6 (5.4-6.0)	5.6 (5.4-6.1)	

HbA1c mmo/mol
Mean (SD)	41.0 (92.7)	40.4 (62.2)	44.3 (218.2)	42.8 (138.9)	40.5 (12.0)	40.2 (10.7)	41.4 (101.9)	
Median (IQR)	38.0 (35.0-42.0)	38.0 (35.0-42.0)	40.0 (36.0-45.0)	39.0 (36.0-44.0)	38.0 (35.0-42.0)	38.0 (35.0-42.0)	38.0 (35.0-43.0)	

HbA1c category
0	  6706373 (38.8)	  4546662 (41.8)	  424,221 (41.4)	  127,134 (37.3)	   54,728 (32.1)	   92,552 (28.9)	  1461076 (32.1)	
1	  582,059 (3.4)	  350,237 (3.2)	   64,385 (6.3)	   15,294 (4.5)	    4,500 (2.6)	    7,680 (2.4)	  139,963 (3.1)	
2	  155,580 (0.9)	   94,158 (0.9)	   17,117 (1.7)	    3,376 (1.0)	    1,144 (0.7)	    1,825 (0.6)	   37,960 (0.8)	
3	  168,963 (1.0)	  103,062 (0.9)	   18,312 (1.8)	    3,558 (1.0)	    1,226 (0.7)	    1,965 (0.6)	   40,840 (0.9)	
4	  190,305 (1.1)	  115,910 (1.1)	   21,060 (2.1)	    5,415 (1.6)	    1,686 (1.0)	    2,215 (0.7)	   44,019 (1.0)	
5	  9485252 (54.9)	  5667949 (52.1)	  480,224 (46.8)	  186,135 (54.6)	  107,200 (62.9)	  214,551 (66.9)	  2829193 (62.1)	

Systolic BP
Mean (SD)	128.0 (15.7)	128.3 (15.5)	123.8 (15.4)	127.1 (16.0)	124.0 (15.3)	122.5 (15.4)	129.0 (15.9)	
Median (IQR)	128.0 (118.0-138.0)	129.0 (119.0-138.0)	123.0 (113.0-134.0)	127.0 (117.0-137.0)	123.0 (113.0-134.0)	122.0 (111.0-132.0)	130.0 (120.0-139.0)	

Diastolic BP
Mean (SD)	76.8 (9.9)	76.8 (9.8)	76.5 (9.7)	78.0 (10.3)	76.6 (10.1)	75.8 (10.0)	76.7 (10.0)	
Median (IQR)	78.0 (70.0-82.0)	78.0 (70.0-82.0)	77.0 (70.0-82.0)	78.0 (71.0-84.0)	77.0 (70.0-82.0)	76.0 (70.0-82.0)	78.0 (70.0-82.0)	

Blood pressure four levels non-missing
1	  2653823 (15.4)	  1719408 (15.8)	  211,095 (20.6)	   56,786 (16.7)	   32,711 (19.2)	   57,475 (17.9)	  576,348 (12.7)	
2	  1818544 (10.5)	  1225760 (11.3)	   99,291 (9.7)	   32,093 (9.4)	   15,713 (9.2)	   23,598 (7.4)	  422,089 (9.3)	
3	  4270604 (24.7)	  2880135 (26.5)	  238,962 (23.3)	   80,605 (23.6)	   35,154 (20.6)	   53,458 (16.7)	  982,290 (21.6)	
4	  3010178 (17.4)	  2025395 (18.6)	  120,401 (11.7)	   54,017 (15.8)	   19,008 (11.1)	   26,433 (8.2)	  764,924 (16.8)	
5	  5535383 (32.0)	  3027280 (27.8)	  355,570 (34.7)	  117,411 (34.4)	   67,898 (39.8)	  159,824 (49.8)	  1807400 (39.7)	

Diabetes Type
0	 1.56e+07 (90.1)	  9849337 (90.5)	  834,492 (81.4)	  292,256 (85.7)	  155,909 (91.5)	  295,166 (92.0)	  4156240 (91.3)	
1	   88,294 (0.5)	   59,940 (0.6)	    2,508 (0.2)	    1,363 (0.4)	      637 (0.4)	      637 (0.2)	   23,209 (0.5)	
2	  1234858 (7.1)	  747,798 (6.9)	  135,741 (13.2)	   31,590 (9.3)	    9,603 (5.6)	   15,527 (4.8)	  294,599 (6.5)	
3	  381,980 (2.2)	  220,903 (2.0)	   52,578 (5.1)	   15,703 (4.6)	    4,335 (2.5)	    9,458 (2.9)	   79,003 (1.7)	

Count of co-morbid conditions
Mean (SD)	0.6 (0.9)	0.7 (0.9)	0.4 (0.8)	0.5 (0.8)	0.4 (0.7)	0.3 (0.6)	0.6 (0.9)	
Median (IQR)	0.0 (0.0-1.0)	0.0 (0.0-1.0)	0.0 (0.0-1.0)	0.0 (0.0-1.0)	0.0 (0.0-1.0)	0.0 (0.0-0.0)	0.0 (0.0-1.0)	

Diagnosed hypertension	  3703816 (21.4)	  2437571 (22.4)	  173,237 (16.9)	   69,524 (20.4)	   20,712 (12.1)	   31,706 (9.9)	  971,066 (21.3)	


Chronic Cardiac Diseases	  1193155 (6.9)	  803,572 (7.4)	   53,903 (5.3)	   11,092 (3.3)	    4,731 (2.8)	    8,136 (2.5)	  311,721 (6.8)	


Stroke	  368,707 (2.1)	  249,742 (2.3)	   12,429 (1.2)	    4,373 (1.3)	    1,495 (0.9)	    2,161 (0.7)	   98,507 (2.2)	


CKD defined by egfr<60	  978,300 (5.7)	  647,085 (5.9)	   27,979 (2.7)	   15,042 (4.4)	    3,787 (2.2)	    4,782 (1.5)	  279,625 (6.1)	


end stage renal failure	   25,348 (0.1)	   14,615 (0.1)	    2,410 (0.2)	      878 (0.3)	      219 (0.1)	      352 (0.1)	    6,874 (0.2)	


Cancer	  979,433 (5.7)	  684,824 (6.3)	   19,868 (1.9)	    9,249 (2.7)	    3,718 (2.2)	    6,640 (2.1)	  255,134 (5.6)	


Autoimmune disease	  889,832 (5.1)	  615,132 (5.7)	   37,348 (3.6)	    6,912 (2.0)	    4,988 (2.9)	    7,504 (2.3)	  217,948 (4.8)	


Immunosuppressed (perm or temp)	   93,162 (0.5)	   54,143 (0.5)	    4,602 (0.4)	   10,087 (3.0)	    2,118 (1.2)	    1,425 (0.4)	   20,787 (0.5)	


Chronic liver disease	  104,781 (0.6)	   69,901 (0.6)	    5,677 (0.6)	    3,035 (0.9)	      894 (0.5)	    2,445 (0.8)	   22,829 (0.5)	


Dementia	   34,169 (0.2)	   22,855 (0.2)	    1,199 (0.1)	      538 (0.2)	      106 (0.1)	      195 (0.1)	    9,276 (0.2)	


Neurological disease	  169,483 (1.0)	  116,300 (1.1)	    5,803 (0.6)	    1,951 (0.6)	      888 (0.5)	    1,163 (0.4)	   43,378 (1.0)	


Asthma category	  2663321 (15.4)	  1790975 (16.5)	  125,745 (12.3)	   37,351 (11.0)	   25,776 (15.1)	   22,406 (7.0)	  661,068 (14.5)	


Chronic Respiratory Diseases	  718,047 (4.2)	  527,265 (4.8)	   17,435 (1.7)	    5,003 (1.5)	    2,274 (1.3)	    3,520 (1.1)	  162,550 (3.6)	


BP med in last 12 months	   31,902 (0.2)	   19,244 (0.2)	    2,319 (0.2)	    1,126 (0.3)	      288 (0.2)	      447 (0.1)	    8,478 (0.2)	

Statin in last 12 months	  2909599 (16.8)	  1946803 (17.9)	  170,079 (16.6)	   34,251 (10.0)	   12,710 (7.5)	   23,935 (7.5)	  721,821 (15.9)	

Insulin in last 12 months	  256,353 (1.5)	  164,612 (1.5)	   19,052 (1.9)	    5,726 (1.7)	    1,897 (1.1)	    2,308 (0.7)	   62,758 (1.4)	

Diabetes type (Exeter definition)
0	 1.60e+07 (92.4)	 1.01e+07 (92.6)	  888,830 (86.7)	  308,393 (90.5)	  160,393 (94.1)	  304,916 (95.1)	  4239381 (93.1)	
1	   77,052 (0.4)	   52,353 (0.5)	    2,190 (0.2)	    1,059 (0.3)	      549 (0.3)	      528 (0.2)	   20,373 (0.4)	
2	  1232862 (7.1)	  748,920 (6.9)	  134,299 (13.1)	   31,460 (9.2)	    9,542 (5.6)	   15,344 (4.8)	  293,297 (6.4)	

