Table 0: Outcome qui counts by ethnic group
	Total	White	South Asian	Black	Mixed	Other	Unknown
Whole study population- no exclusions
N	 2.18e+07 (100.0)	 1.31e+07 (100.0)	  1316783 (100.0)	  439,927 (100.0)	  267,457 (100.0)	  392,460 (100.0)	  6204258 (100.0)	

tested	  1700196 (7.8)	  1083680 (8.3)	  113,888 (8.6)	   33,380 (7.6)	   18,434 (6.9)	   21,613 (5.5)	  429,201 (6.9)	
positivetest	   85,542 (0.4)	   48,939 (0.4)	   11,870 (0.9)	    2,586 (0.6)	    1,004 (0.4)	    1,367 (0.3)	   19,776 (0.3)	
icu	    3,119 (0.0)	    1,700 (0.0)	      412 (0.0)	      189 (0.0)	       56 (0.0)	       97 (0.0)	      665 (0.0)	
onscoviddeath	   15,632 (0.1)	   10,372 (0.1)	      772 (0.1)	      305 (0.1)	       77 (0.0)	      137 (0.0)	    3,969 (0.1)	
ons_noncoviddeath	   85,000 (0.4)	   57,203 (0.4)	    1,805 (0.1)	      677 (0.2)	      192 (0.1)	      340 (0.1)	   24,783 (0.4)	
onsdeath	  100,632 (0.5)	   67,575 (0.5)	    2,577 (0.2)	      982 (0.2)	      269 (0.1)	      477 (0.1)	   28,752 (0.5)	
any_resp_support_flag	    3,022 (0.0)	    1,650 (0.0)	      392 (0.0)	      182 (0.0)	       56 (0.0)	       92 (0.0)	      650 (0.0)	
basic_resp_support_flag	    2,184 (0.0)	    1,234 (0.0)	      261 (0.0)	      133 (0.0)	       38 (0.0)	       66 (0.0)	      452 (0.0)	
advanced_resp_support_flag	    2,104 (0.0)	    1,096 (0.0)	      309 (0.0)	      136 (0.0)	       37 (0.0)	       76 (0.0)	      450 (0.0)	
Adults aged 18-105
N	 1.75e+07 (100.0)	 1.10e+07 (100.0)	  1034337 (100.0)	  344,889 (100.0)	  172,551 (100.0)	  324,730 (100.0)	  4602822 (100.0)	

tested	  1552521 (8.9)	  1012982 (9.2)	  103,773 (10.0)	   31,249 (9.1)	   15,184 (8.8)	   19,817 (6.1)	  369,516 (8.0)	
positivetest	   82,473 (0.5)	   47,977 (0.4)	   11,009 (1.1)	    2,501 (0.7)	      928 (0.5)	    1,316 (0.4)	   18,742 (0.4)	
icu	    3,118 (0.0)	    1,699 (0.0)	      412 (0.0)	      189 (0.1)	       56 (0.0)	       97 (0.0)	      665 (0.0)	
onscoviddeath	   15,627 (0.1)	   10,370 (0.1)	      771 (0.1)	      305 (0.1)	       77 (0.0)	      137 (0.0)	    3,967 (0.1)	
ons_noncoviddeath	   84,872 (0.5)	   57,155 (0.5)	    1,785 (0.2)	      671 (0.2)	      192 (0.1)	      337 (0.1)	   24,732 (0.5)	
onsdeath	  100,499 (0.6)	   67,525 (0.6)	    2,556 (0.2)	      976 (0.3)	      269 (0.2)	      474 (0.1)	   28,699 (0.6)	
any_resp_support_flag	    3,021 (0.0)	    1,649 (0.0)	      392 (0.0)	      182 (0.1)	       56 (0.0)	       92 (0.0)	      650 (0.0)	
basic_resp_support_flag	    2,183 (0.0)	    1,233 (0.0)	      261 (0.0)	      133 (0.0)	       38 (0.0)	       66 (0.0)	      452 (0.0)	
advanced_resp_support_flag	    2,104 (0.0)	    1,096 (0.0)	      309 (0.0)	      136 (0.0)	       37 (0.0)	       76 (0.0)	      450 (0.0)	
